# Trayectoria exportada desde trazador.py (pierna izquierda, sistema de las pestañas de IK: X hacia abajo, Y adelante, Z lateral, mm)
# x_papel=685.28 centro=(0, -489.48) papel=255x255 escala=1 levantar=20 espejo=False
# ley_temporal metodo=lineal v=20 a=100 esquinas=si
685.28, -5.50, -604.98
685.28, -4.50, -604.98
685.28, -3.50, -604.98
685.28, -2.50, -604.98
685.28, -1.50, -604.98
685.28, -0.50, -604.98
685.28, 0.50, -604.98
685.28, 1.50, -604.98
685.28, 2.50, -604.98
685.28, 3.50, -604.98
685.28, 4.50, -604.98
685.28, 5.50, -604.98
685.28, 6.50, -604.98
685.28, 7.50, -604.98
685.28, 8.50, -604.98
685.28, 9.50, -604.98
685.28, 10.50, -604.98
685.28, 11.50, -604.98
685.28, 12.50, -604.98
685.28, 13.50, -604.98
685.28, 14.50, -604.98
685.28, 15.50, -604.98
685.28, 16.50, -604.98
685.28, 17.50, -604.98
685.28, 18.50, -604.98
685.28, 19.50, -604.98
685.28, 20.50, -604.98
685.28, 21.50, -604.98
685.28, 22.50, -604.98
685.28, 23.50, -604.98
685.28, 24.50, -604.98
685.28, 25.50, -604.98
685.28, 26.50, -604.98
685.28, 27.50, -604.98
685.28, 28.50, -604.98
685.28, 29.50, -604.98
685.28, 30.50, -604.98
685.28, 31.50, -604.98
685.28, 32.50, -604.98
685.28, 33.50, -604.98
685.28, 34.50, -604.98
685.28, 35.50, -604.98
685.28, 36.50, -604.98
685.28, 37.50, -604.98
685.28, 38.50, -604.98
685.28, 39.50, -605.98
685.28, 40.50, -605.98
685.28, 41.50, -605.98
685.28, 42.50, -606.98
685.28, 43.50, -606.98
685.28, 44.50, -606.98
685.28, 45.50, -607.98
685.28, 46.50, -607.98
685.28, 47.50, -607.98
685.28, 48.50, -607.98
685.28, 49.50, -607.98
685.28, 50.50, -607.98
685.28, 51.50, -607.98
685.28, 52.50, -607.98
685.28, 53.50, -607.98
685.28, 54.50, -607.98
685.28, 55.50, -607.98
685.28, 56.50, -607.98
685.28, 57.50, -607.98
685.28, 58.50, -608.98
685.28, 59.50, -608.98
685.28, 60.50, -608.98
685.28, 61.50, -608.98
685.28, 62.50, -609.98
685.28, 63.50, -609.98
685.28, 64.50, -609.98
685.28, 65.50, -609.98
685.28, 66.50, -609.98
685.28, 67.50, -609.98
685.28, 68.50, -609.98
685.28, 69.50, -609.98
685.28, 70.50, -609.98
685.28, 71.50, -609.98
685.28, 72.50, -609.98
685.28, 73.50, -609.98
685.28, 74.50, -609.98
685.28, 75.50, -609.98
685.28, 76.50, -609.98
685.28, 77.50, -609.98
685.28, 78.50, -609.98
685.28, 78.50, -608.98
685.28, 77.50, -607.98
685.28, 76.50, -606.98
685.28, 75.50, -605.98
685.28, 74.50, -605.98
685.28, 73.50, -604.98
685.28, 72.50, -603.98
685.28, 71.50, -603.98
685.28, 70.50, -602.98
685.28, 69.50, -602.98
685.28, 68.50, -601.98
685.28, 67.50, -600.98
685.28, 66.50, -599.98
685.28, 65.50, -598.98
685.28, 64.50, -597.98
685.28, 63.50, -597.98
685.28, 62.50, -596.98
685.28, 61.50, -596.98
685.28, 60.50, -595.98
685.28, 59.50, -594.98
685.28, 58.50, -594.98
685.28, 57.50, -593.98
685.28, 56.50, -593.98
685.28, 55.50, -592.98
685.28, 54.50, -592.98
685.28, 53.50, -591.98
685.28, 52.50, -590.98
685.28, 51.50, -589.98
685.28, 50.50, -588.98
685.28, 49.50, -588.98
685.28, 48.50, -587.98
685.28, 47.50, -586.98
685.28, 46.50, -586.98
685.28, 45.50, -586.98
685.28, 45.50, -585.98
685.28, 44.50, -584.98
685.28, 44.50, -583.98
685.28, 44.50, -582.98
685.28, 45.50, -581.98
685.28, 45.50, -580.98
685.28, 46.50, -580.98
685.28, 47.50, -579.98
685.28, 48.50, -579.98
685.28, 49.50, -579.98
685.28, 50.50, -578.98
685.28, 51.50, -578.98
685.28, 52.50, -578.98
685.28, 53.50, -578.98
685.28, 54.50, -578.98
685.28, 55.50, -578.98
685.28, 56.50, -578.98
685.28, 57.50, -578.98
685.28, 58.50, -578.98
685.28, 59.50, -578.98
685.28, 60.50, -578.98
685.28, 61.50, -578.98
685.28, 62.50, -578.98
685.28, 63.50, -578.98
685.28, 64.50, -578.98
685.28, 65.50, -578.98
685.28, 66.50, -578.98
685.28, 67.50, -578.98
685.28, 68.50, -578.98
685.28, 69.50, -578.98
685.28, 70.50, -578.98
685.28, 71.50, -578.98
685.28, 72.50, -578.98
685.28, 73.50, -578.98
685.28, 74.50, -578.98
685.28, 75.50, -578.98
685.28, 76.50, -578.98
685.28, 77.50, -578.98
685.28, 78.50, -577.98
685.28, 79.50, -577.98
685.28, 80.50, -576.98
685.28, 81.50, -576.98
685.28, 81.50, -575.98
685.28, 80.50, -575.98
685.28, 79.50, -575.98
685.28, 78.50, -574.98
685.28, 77.50, -574.98
685.28, 76.50, -574.98
685.28, 75.50, -574.98
685.28, 74.50, -573.98
685.28, 73.50, -573.98
685.28, 72.50, -573.98
685.28, 71.50, -573.98
685.28, 70.50, -573.98
685.28, 69.50, -572.98
685.28, 68.50, -572.98
685.28, 67.50, -572.98
685.28, 66.50, -572.98
685.28, 65.50, -572.98
685.28, 64.50, -572.98
685.28, 63.50, -572.98
685.28, 62.50, -572.98
685.28, 61.50, -572.98
685.28, 60.50, -572.98
685.28, 59.50, -572.98
685.28, 58.50, -572.98
685.28, 57.50, -572.98
685.28, 56.50, -572.98
685.28, 55.50, -571.98
685.28, 54.50, -571.98
685.28, 53.50, -571.98
685.28, 52.50, -571.98
685.28, 51.50, -571.98
685.28, 50.50, -571.98
685.28, 49.50, -571.98
685.28, 48.50, -571.98
685.28, 47.50, -571.98
685.28, 46.50, -571.98
685.28, 45.50, -571.98
685.28, 44.50, -571.98
685.28, 43.50, -571.98
685.28, 42.50, -571.98
685.28, 41.50, -571.98
685.28, 40.50, -570.98
685.28, 39.50, -570.98
685.28, 38.50, -570.98
685.28, 37.50, -570.98
685.28, 36.50, -570.98
685.28, 35.50, -569.98
685.28, 34.50, -569.98
685.28, 33.50, -569.98
685.28, 32.50, -569.98
685.28, 31.50, -569.98
685.28, 30.50, -569.98
685.28, 29.50, -568.98
685.28, 28.50, -568.98
685.28, 27.50, -568.98
685.28, 26.50, -568.98
685.28, 25.50, -568.98
685.28, 24.50, -567.98
685.28, 23.50, -567.98
685.28, 22.50, -567.98
685.28, 21.50, -567.98
685.28, 20.50, -567.98
685.28, 19.50, -567.98
685.28, 18.50, -567.98
685.28, 17.50, -566.98
685.28, 16.50, -566.98
685.28, 15.50, -566.98
685.28, 14.50, -566.98
685.28, 13.50, -566.98
685.28, 12.50, -566.98
685.28, 11.50, -566.98
685.28, 10.50, -565.98
685.28, 9.50, -565.98
685.28, 8.50, -564.98
685.28, 7.50, -564.98
685.28, 6.50, -564.98
685.28, 5.50, -563.98
685.28, 4.50, -563.98
685.28, 3.50, -563.98
685.28, 2.50, -562.98
685.28, 1.50, -562.98
685.28, 0.50, -562.98
685.28, -0.50, -562.98
685.28, -1.50, -561.98
685.28, -2.50, -561.98
685.28, -3.50, -561.98
685.28, -4.50, -561.98
685.28, -5.50, -560.98
685.28, -6.50, -560.98
685.28, -7.50, -560.98
685.28, -8.50, -559.98
685.28, -9.50, -559.98
685.28, -10.50, -559.98
685.28, -11.50, -559.98
685.28, -12.50, -558.98
685.28, -13.50, -558.98
685.28, -14.50, -558.98
685.28, -15.50, -558.98
685.28, -16.50, -557.98
685.28, -17.50, -557.98
685.28, -18.50, -557.98
685.28, -19.50, -557.98
685.28, -20.50, -556.98
685.28, -21.50, -556.98
685.28, -22.50, -556.98
685.28, -23.50, -556.98
685.28, -24.50, -556.98
685.28, -25.50, -555.98
685.28, -26.50, -555.98
685.28, -27.50, -554.98
685.28, -26.50, -554.98
685.28, -25.50, -554.98
685.28, -24.50, -554.98
685.08, -24.50, -554.98
684.88, -24.50, -554.98
684.68, -24.50, -554.98
684.48, -24.50, -554.98
684.28, -24.50, -554.98
684.08, -24.50, -554.98
683.88, -24.50, -554.98
683.68, -24.50, -554.98
683.48, -24.50, -554.98
683.28, -24.50, -554.98
683.08, -24.50, -554.98
682.88, -24.50, -554.98
682.68, -24.50, -554.98
682.48, -24.50, -554.98
682.28, -24.50, -554.98
682.08, -24.50, -554.98
681.88, -24.50, -554.98
681.68, -24.50, -554.98
681.48, -24.50, -554.98
681.28, -24.50, -554.98
681.08, -24.50, -554.98
680.88, -24.50, -554.98
680.68, -24.50, -554.98
680.48, -24.50, -554.98
680.28, -24.50, -554.98
680.08, -24.50, -554.98
679.88, -24.50, -554.98
679.68, -24.50, -554.98
679.48, -24.50, -554.98
679.28, -24.50, -554.98
679.08, -24.50, -554.98
678.88, -24.50, -554.98
678.68, -24.50, -554.98
678.48, -24.50, -554.98
678.28, -24.50, -554.98
678.08, -24.50, -554.98
677.88, -24.50, -554.98
677.68, -24.50, -554.98
677.48, -24.50, -554.98
677.28, -24.50, -554.98
677.08, -24.50, -554.98
676.88, -24.50, -554.98
676.68, -24.50, -554.98
676.48, -24.50, -554.98
676.28, -24.50, -554.98
676.08, -24.50, -554.98
675.88, -24.50, -554.98
675.68, -24.50, -554.98
675.48, -24.50, -554.98
675.28, -24.50, -554.98
675.08, -24.50, -554.98
674.88, -24.50, -554.98
674.68, -24.50, -554.98
674.48, -24.50, -554.98
674.28, -24.50, -554.98
674.08, -24.50, -554.98
673.88, -24.50, -554.98
673.68, -24.50, -554.98
673.48, -24.50, -554.98
673.28, -24.50, -554.98
673.08, -24.50, -554.98
672.88, -24.50, -554.98
672.68, -24.50, -554.98
672.48, -24.50, -554.98
672.28, -24.50, -554.98
672.08, -24.50, -554.98
671.88, -24.50, -554.98
671.68, -24.50, -554.98
671.48, -24.50, -554.98
671.28, -24.50, -554.98
671.08, -24.50, -554.98
670.88, -24.50, -554.98
670.68, -24.50, -554.98
670.48, -24.50, -554.98
670.28, -24.50, -554.98
670.08, -24.50, -554.98
669.88, -24.50, -554.98
669.68, -24.50, -554.98
669.48, -24.50, -554.98
669.28, -24.50, -554.98
669.08, -24.50, -554.98
668.88, -24.50, -554.98
668.68, -24.50, -554.98
668.48, -24.50, -554.98
668.28, -24.50, -554.98
668.08, -24.50, -554.98
667.88, -24.50, -554.98
667.68, -24.50, -554.98
667.48, -24.50, -554.98
667.28, -24.50, -554.98
667.08, -24.50, -554.98
666.88, -24.50, -554.98
666.68, -24.50, -554.98
666.48, -24.50, -554.98
666.28, -24.50, -554.98
666.08, -24.50, -554.98
665.88, -24.50, -554.98
665.68, -24.50, -554.98
665.48, -24.50, -554.98
665.28, -24.50, -554.98
665.28, -23.50, -554.98
665.28, -22.50, -553.98
665.28, -21.50, -553.98
665.28, -20.50, -552.98
665.28, -19.50, -552.98
665.28, -18.50, -551.98
665.28, -17.50, -551.98
665.28, -16.50, -550.98
665.28, -15.50, -550.98
665.28, -14.50, -549.98
665.28, -13.50, -549.98
665.28, -12.50, -548.98
665.28, -11.50, -548.98
665.28, -10.50, -547.98
665.28, -9.50, -547.98
665.28, -8.50, -546.98
665.28, -7.50, -546.98
665.28, -6.50, -546.98
665.28, -5.50, -545.98
665.28, -4.50, -545.98
665.28, -3.50, -544.98
665.28, -2.50, -544.98
665.28, -1.50, -543.98
665.28, -0.50, -543.98
665.28, 0.50, -542.98
665.28, 1.50, -542.98
665.28, 2.50, -541.98
665.28, 3.50, -541.98
665.28, 4.50, -540.98
665.28, 5.50, -540.98
665.28, 6.50, -539.98
665.28, 7.50, -539.98
665.28, 8.50, -538.98
665.28, 9.50, -538.98
665.28, 10.50, -538.98
665.28, 11.50, -537.98
665.28, 12.50, -537.98
665.28, 13.50, -536.98
665.28, 14.50, -536.98
665.28, 15.50, -535.98
665.28, 16.50, -535.98
665.28, 17.50, -534.98
665.28, 18.50, -534.98
665.28, 19.50, -533.98
665.28, 20.50, -533.98
665.28, 21.50, -532.98
665.28, 22.50, -532.98
665.28, 23.50, -531.98
665.28, 24.50, -531.98
665.28, 25.50, -530.98
665.28, 26.50, -530.98
665.48, 26.50, -530.98
665.68, 26.50, -530.98
665.88, 26.50, -530.98
666.08, 26.50, -530.98
666.28, 26.50, -530.98
666.48, 26.50, -530.98
666.68, 26.50, -530.98
666.88, 26.50, -530.98
667.08, 26.50, -530.98
667.28, 26.50, -530.98
667.48, 26.50, -530.98
667.68, 26.50, -530.98
667.88, 26.50, -530.98
668.08, 26.50, -530.98
668.28, 26.50, -530.98
668.48, 26.50, -530.98
668.68, 26.50, -530.98
668.88, 26.50, -530.98
669.08, 26.50, -530.98
669.28, 26.50, -530.98
669.48, 26.50, -530.98
669.68, 26.50, -530.98
669.88, 26.50, -530.98
670.08, 26.50, -530.98
670.28, 26.50, -530.98
670.48, 26.50, -530.98
670.68, 26.50, -530.98
670.88, 26.50, -530.98
671.08, 26.50, -530.98
671.28, 26.50, -530.98
671.48, 26.50, -530.98
671.68, 26.50, -530.98
671.88, 26.50, -530.98
672.08, 26.50, -530.98
672.28, 26.50, -530.98
672.48, 26.50, -530.98
672.68, 26.50, -530.98
672.88, 26.50, -530.98
673.08, 26.50, -530.98
673.28, 26.50, -530.98
673.48, 26.50, -530.98
673.68, 26.50, -530.98
673.88, 26.50, -530.98
674.08, 26.50, -530.98
674.28, 26.50, -530.98
674.48, 26.50, -530.98
674.68, 26.50, -530.98
674.88, 26.50, -530.98
675.08, 26.50, -530.98
675.28, 26.50, -530.98
675.48, 26.50, -530.98
675.68, 26.50, -530.98
675.88, 26.50, -530.98
676.08, 26.50, -530.98
676.28, 26.50, -530.98
676.48, 26.50, -530.98
676.68, 26.50, -530.98
676.88, 26.50, -530.98
677.08, 26.50, -530.98
677.28, 26.50, -530.98
677.48, 26.50, -530.98
677.68, 26.50, -530.98
677.88, 26.50, -530.98
678.08, 26.50, -530.98
678.28, 26.50, -530.98
678.48, 26.50, -530.98
678.68, 26.50, -530.98
678.88, 26.50, -530.98
679.08, 26.50, -530.98
679.28, 26.50, -530.98
679.48, 26.50, -530.98
679.68, 26.50, -530.98
679.88, 26.50, -530.98
680.08, 26.50, -530.98
680.28, 26.50, -530.98
680.48, 26.50, -530.98
680.68, 26.50, -530.98
680.88, 26.50, -530.98
681.08, 26.50, -530.98
681.28, 26.50, -530.98
681.48, 26.50, -530.98
681.68, 26.50, -530.98
681.88, 26.50, -530.98
682.08, 26.50, -530.98
682.28, 26.50, -530.98
682.48, 26.50, -530.98
682.68, 26.50, -530.98
682.88, 26.50, -530.98
683.08, 26.50, -530.98
683.28, 26.50, -530.98
683.48, 26.50, -530.98
683.68, 26.50, -530.98
683.88, 26.50, -530.98
684.08, 26.50, -530.98
684.28, 26.50, -530.98
684.48, 26.50, -530.98
684.68, 26.50, -530.98
684.88, 26.50, -530.98
685.08, 26.50, -530.98
685.28, 26.50, -530.98
685.28, 25.50, -530.98
685.28, 24.50, -530.98
685.28, 23.50, -530.98
685.28, 22.50, -530.98
685.28, 21.50, -530.98
685.28, 20.50, -530.98
685.28, 19.50, -530.98
685.28, 18.50, -530.98
685.28, 17.50, -530.98
685.28, 16.50, -530.98
685.28, 15.50, -530.98
685.28, 14.50, -530.98
685.28, 13.50, -530.98
685.28, 12.50, -530.98
685.28, 11.50, -530.98
685.28, 10.50, -530.98
685.28, 9.50, -530.98
685.28, 8.50, -530.98
685.28, 7.50, -530.98
685.28, 6.50, -530.98
685.28, 5.50, -530.98
685.28, 4.50, -530.98
685.28, 3.50, -530.98
685.28, 2.50, -530.98
685.28, 1.50, -530.98
685.28, 0.50, -530.98
685.28, -0.50, -530.98
685.28, -1.50, -530.98
685.28, -2.50, -530.98
685.28, -3.50, -530.98
685.28, -4.50, -530.98
685.28, -5.50, -529.98
685.28, -6.50, -529.98
685.28, -7.50, -528.98
685.28, -8.50, -527.98
685.28, -9.50, -526.98
685.28, -9.50, -525.98
685.28, -10.50, -524.98
685.28, -10.50, -523.98
685.28, -11.50, -522.98
685.28, -12.50, -521.98
685.28, -13.50, -521.98
685.28, -14.50, -520.98
685.28, -14.50, -519.98
685.28, -14.50, -518.98
685.28, -14.50, -517.98
685.28, -14.50, -516.98
685.28, -14.50, -515.98
685.28, -14.50, -514.98
685.28, -14.50, -513.98
685.28, -14.50, -512.98
685.28, -13.50, -512.98
685.28, -12.50, -512.98
685.28, -11.50, -511.98
685.28, -10.50, -511.98
685.28, -9.50, -511.98
685.28, -8.50, -510.98
685.28, -7.50, -509.98
685.28, -6.50, -509.98
685.28, -5.50, -509.98
685.28, -4.50, -508.98
685.28, -3.50, -508.98
685.28, -2.50, -508.98
685.28, -1.50, -507.98
685.28, -0.50, -507.98
685.28, 0.50, -506.98
685.28, 1.50, -506.98
685.28, 2.50, -506.98
685.28, 3.50, -505.98
685.28, 4.50, -505.98
685.28, 5.50, -505.98
685.28, 6.50, -505.98
685.28, 7.50, -505.98
685.28, 8.50, -505.98
685.28, 9.50, -505.98
685.28, 10.50, -505.98
685.28, 11.50, -505.98
685.28, 12.50, -505.98
685.28, 13.50, -505.98
685.28, 14.50, -505.98
685.28, 15.50, -505.98
685.28, 16.50, -505.98
685.28, 17.50, -505.98
685.28, 18.50, -505.98
685.28, 19.50, -505.98
685.28, 20.50, -505.98
685.28, 21.50, -505.98
685.28, 22.50, -506.98
685.28, 23.50, -506.98
685.28, 24.50, -507.98
685.28, 25.50, -507.98
685.28, 26.50, -508.98
685.28, 26.50, -509.98
685.28, 26.50, -510.98
685.28, 26.50, -511.98
685.28, 26.50, -512.98
685.28, 26.50, -513.98
685.28, 26.50, -514.98
685.28, 26.50, -515.98
685.28, 26.50, -516.98
685.28, 26.50, -517.98
685.28, 26.50, -518.98
685.28, 26.50, -519.98
685.28, 26.50, -520.98
685.28, 26.50, -521.98
685.28, 26.50, -522.98
685.28, 26.50, -523.98
685.28, 25.50, -524.98
685.28, 25.50, -525.98
685.28, 24.50, -526.98
685.28, 23.50, -527.98
685.28, 23.50, -528.98
685.28, 22.50, -529.98
685.28, 22.50, -530.98
685.28, 21.50, -531.98
685.28, 20.50, -532.98
685.28, 20.50, -533.98
685.28, 19.50, -534.98
685.08, 19.50, -534.98
684.88, 19.50, -534.98
684.68, 19.50, -534.98
684.48, 19.50, -534.98
684.28, 19.50, -534.98
684.08, 19.50, -534.98
683.88, 19.50, -534.98
683.68, 19.50, -534.98
683.48, 19.50, -534.98
683.28, 19.50, -534.98
683.08, 19.50, -534.98
682.88, 19.50, -534.98
682.68, 19.50, -534.98
682.48, 19.50, -534.98
682.28, 19.50, -534.98
682.08, 19.50, -534.98
681.88, 19.50, -534.98
681.68, 19.50, -534.98
681.48, 19.50, -534.98
681.28, 19.50, -534.98
681.08, 19.50, -534.98
680.88, 19.50, -534.98
680.68, 19.50, -534.98
680.48, 19.50, -534.98
680.28, 19.50, -534.98
680.08, 19.50, -534.98
679.88, 19.50, -534.98
679.68, 19.50, -534.98
679.48, 19.50, -534.98
679.28, 19.50, -534.98
679.08, 19.50, -534.98
678.88, 19.50, -534.98
678.68, 19.50, -534.98
678.48, 19.50, -534.98
678.28, 19.50, -534.98
678.08, 19.50, -534.98
677.88, 19.50, -534.98
677.68, 19.50, -534.98
677.48, 19.50, -534.98
677.28, 19.50, -534.98
677.08, 19.50, -534.98
676.88, 19.50, -534.98
676.68, 19.50, -534.98
676.48, 19.50, -534.98
676.28, 19.50, -534.98
676.08, 19.50, -534.98
675.88, 19.50, -534.98
675.68, 19.50, -534.98
675.48, 19.50, -534.98
675.28, 19.50, -534.98
675.08, 19.50, -534.98
674.88, 19.50, -534.98
674.68, 19.50, -534.98
674.48, 19.50, -534.98
674.28, 19.50, -534.98
674.08, 19.50, -534.98
673.88, 19.50, -534.98
673.68, 19.50, -534.98
673.48, 19.50, -534.98
673.28, 19.50, -534.98
673.08, 19.50, -534.98
672.88, 19.50, -534.98
672.68, 19.50, -534.98
672.48, 19.50, -534.98
672.28, 19.50, -534.98
672.08, 19.50, -534.98
671.88, 19.50, -534.98
671.68, 19.50, -534.98
671.48, 19.50, -534.98
671.28, 19.50, -534.98
671.08, 19.50, -534.98
670.88, 19.50, -534.98
670.68, 19.50, -534.98
670.48, 19.50, -534.98
670.28, 19.50, -534.98
670.08, 19.50, -534.98
669.88, 19.50, -534.98
669.68, 19.50, -534.98
669.48, 19.50, -534.98
669.28, 19.50, -534.98
669.08, 19.50, -534.98
668.88, 19.50, -534.98
668.68, 19.50, -534.98
668.48, 19.50, -534.98
668.28, 19.50, -534.98
668.08, 19.50, -534.98
667.88, 19.50, -534.98
667.68, 19.50, -534.98
667.48, 19.50, -534.98
667.28, 19.50, -534.98
667.08, 19.50, -534.98
666.88, 19.50, -534.98
666.68, 19.50, -534.98
666.48, 19.50, -534.98
666.28, 19.50, -534.98
666.08, 19.50, -534.98
665.88, 19.50, -534.98
665.68, 19.50, -534.98
665.48, 19.50, -534.98
665.28, 19.50, -534.98
665.28, 19.50, -533.98
665.28, 20.50, -532.98
665.28, 20.50, -531.98
665.28, 20.50, -530.98
665.28, 21.50, -529.98
665.28, 21.50, -528.98
665.28, 21.50, -527.98
665.28, 22.50, -526.98
665.28, 22.50, -525.98
665.28, 22.50, -524.98
665.28, 23.50, -523.98
665.28, 23.50, -522.98
665.28, 23.50, -521.98
665.28, 24.50, -520.98
665.28, 24.50, -519.98
665.28, 24.50, -518.98
665.28, 25.50, -517.98
665.28, 25.50, -516.98
665.28, 25.50, -515.98
665.28, 26.50, -514.98
665.28, 26.50, -513.98
665.28, 26.50, -512.98
665.28, 27.50, -511.98
665.28, 27.50, -510.98
665.28, 27.50, -509.98
665.28, 28.50, -508.98
665.28, 28.50, -507.98
665.28, 28.50, -506.98
665.28, 29.50, -505.98
665.28, 29.50, -504.98
665.48, 29.50, -504.98
665.68, 29.50, -504.98
665.88, 29.50, -504.98
666.08, 29.50, -504.98
666.28, 29.50, -504.98
666.48, 29.50, -504.98
666.68, 29.50, -504.98
666.88, 29.50, -504.98
667.08, 29.50, -504.98
667.28, 29.50, -504.98
667.48, 29.50, -504.98
667.68, 29.50, -504.98
667.88, 29.50, -504.98
668.08, 29.50, -504.98
668.28, 29.50, -504.98
668.48, 29.50, -504.98
668.68, 29.50, -504.98
668.88, 29.50, -504.98
669.08, 29.50, -504.98
669.28, 29.50, -504.98
669.48, 29.50, -504.98
669.68, 29.50, -504.98
669.88, 29.50, -504.98
670.08, 29.50, -504.98
670.28, 29.50, -504.98
670.48, 29.50, -504.98
670.68, 29.50, -504.98
670.88, 29.50, -504.98
671.08, 29.50, -504.98
671.28, 29.50, -504.98
671.48, 29.50, -504.98
671.68, 29.50, -504.98
671.88, 29.50, -504.98
672.08, 29.50, -504.98
672.28, 29.50, -504.98
672.48, 29.50, -504.98
672.68, 29.50, -504.98
672.88, 29.50, -504.98
673.08, 29.50, -504.98
673.28, 29.50, -504.98
673.48, 29.50, -504.98
673.68, 29.50, -504.98
673.88, 29.50, -504.98
674.08, 29.50, -504.98
674.28, 29.50, -504.98
674.48, 29.50, -504.98
674.68, 29.50, -504.98
674.88, 29.50, -504.98
675.08, 29.50, -504.98
675.28, 29.50, -504.98
675.48, 29.50, -504.98
675.68, 29.50, -504.98
675.88, 29.50, -504.98
676.08, 29.50, -504.98
676.28, 29.50, -504.98
676.48, 29.50, -504.98
676.68, 29.50, -504.98
676.88, 29.50, -504.98
677.08, 29.50, -504.98
677.28, 29.50, -504.98
677.48, 29.50, -504.98
677.68, 29.50, -504.98
677.88, 29.50, -504.98
678.08, 29.50, -504.98
678.28, 29.50, -504.98
678.48, 29.50, -504.98
678.68, 29.50, -504.98
678.88, 29.50, -504.98
679.08, 29.50, -504.98
679.28, 29.50, -504.98
679.48, 29.50, -504.98
679.68, 29.50, -504.98
679.88, 29.50, -504.98
680.08, 29.50, -504.98
680.28, 29.50, -504.98
680.48, 29.50, -504.98
680.68, 29.50, -504.98
680.88, 29.50, -504.98
681.08, 29.50, -504.98
681.28, 29.50, -504.98
681.48, 29.50, -504.98
681.68, 29.50, -504.98
681.88, 29.50, -504.98
682.08, 29.50, -504.98
682.28, 29.50, -504.98
682.48, 29.50, -504.98
682.68, 29.50, -504.98
682.88, 29.50, -504.98
683.08, 29.50, -504.98
683.28, 29.50, -504.98
683.48, 29.50, -504.98
683.68, 29.50, -504.98
683.88, 29.50, -504.98
684.08, 29.50, -504.98
684.28, 29.50, -504.98
684.48, 29.50, -504.98
684.68, 29.50, -504.98
684.88, 29.50, -504.98
685.08, 29.50, -504.98
685.28, 29.50, -504.98
685.28, 28.50, -504.98
685.28, 27.50, -504.98
685.28, 26.50, -504.98
685.28, 25.50, -504.98
685.28, 24.50, -503.98
685.28, 23.50, -503.98
685.28, 22.50, -502.98
685.28, 21.50, -502.98
685.28, 20.50, -502.98
685.28, 19.50, -502.98
685.28, 18.50, -501.98
685.28, 17.50, -501.98
685.28, 16.50, -500.98
685.28, 15.50, -500.98
685.28, 14.50, -500.98
685.28, 13.50, -500.98
685.28, 12.50, -500.98
685.28, 11.50, -499.98
685.28, 10.50, -499.98
685.28, 9.50, -498.98
685.28, 8.50, -498.98
685.28, 7.50, -498.98
685.28, 6.50, -498.98
685.28, 5.50, -497.98
685.28, 4.50, -497.98
685.28, 3.50, -496.98
685.28, 2.50, -496.98
685.28, 1.50, -495.98
685.28, 0.50, -495.98
685.28, -0.50, -494.98
685.28, -1.50, -493.98
685.28, -2.50, -492.98
685.28, -3.50, -491.98
685.28, -3.50, -490.98
685.28, -3.50, -489.98
685.28, -3.50, -488.98
685.28, -3.50, -487.98
685.28, -2.50, -487.98
685.08, -2.50, -487.98
684.88, -2.50, -487.98
684.68, -2.50, -487.98
684.48, -2.50, -487.98
684.28, -2.50, -487.98
684.08, -2.50, -487.98
683.88, -2.50, -487.98
683.68, -2.50, -487.98
683.48, -2.50, -487.98
683.28, -2.50, -487.98
683.08, -2.50, -487.98
682.88, -2.50, -487.98
682.68, -2.50, -487.98
682.48, -2.50, -487.98
682.28, -2.50, -487.98
682.08, -2.50, -487.98
681.88, -2.50, -487.98
681.68, -2.50, -487.98
681.48, -2.50, -487.98
681.28, -2.50, -487.98
681.08, -2.50, -487.98
680.88, -2.50, -487.98
680.68, -2.50, -487.98
680.48, -2.50, -487.98
680.28, -2.50, -487.98
680.08, -2.50, -487.98
679.88, -2.50, -487.98
679.68, -2.50, -487.98
679.48, -2.50, -487.98
679.28, -2.50, -487.98
679.08, -2.50, -487.98
678.88, -2.50, -487.98
678.68, -2.50, -487.98
678.48, -2.50, -487.98
678.28, -2.50, -487.98
678.08, -2.50, -487.98
677.88, -2.50, -487.98
677.68, -2.50, -487.98
677.48, -2.50, -487.98
677.28, -2.50, -487.98
677.08, -2.50, -487.98
676.88, -2.50, -487.98
676.68, -2.50, -487.98
676.48, -2.50, -487.98
676.28, -2.50, -487.98
676.08, -2.50, -487.98
675.88, -2.50, -487.98
675.68, -2.50, -487.98
675.48, -2.50, -487.98
675.28, -2.50, -487.98
675.08, -2.50, -487.98
674.88, -2.50, -487.98
674.68, -2.50, -487.98
674.48, -2.50, -487.98
674.28, -2.50, -487.98
674.08, -2.50, -487.98
673.88, -2.50, -487.98
673.68, -2.50, -487.98
673.48, -2.50, -487.98
673.28, -2.50, -487.98
673.08, -2.50, -487.98
672.88, -2.50, -487.98
672.68, -2.50, -487.98
672.48, -2.50, -487.98
672.28, -2.50, -487.98
672.08, -2.50, -487.98
671.88, -2.50, -487.98
671.68, -2.50, -487.98
671.48, -2.50, -487.98
671.28, -2.50, -487.98
671.08, -2.50, -487.98
670.88, -2.50, -487.98
670.68, -2.50, -487.98
670.48, -2.50, -487.98
670.28, -2.50, -487.98
670.08, -2.50, -487.98
669.88, -2.50, -487.98
669.68, -2.50, -487.98
669.48, -2.50, -487.98
669.28, -2.50, -487.98
669.08, -2.50, -487.98
668.88, -2.50, -487.98
668.68, -2.50, -487.98
668.48, -2.50, -487.98
668.28, -2.50, -487.98
668.08, -2.50, -487.98
667.88, -2.50, -487.98
667.68, -2.50, -487.98
667.48, -2.50, -487.98
667.28, -2.50, -487.98
667.08, -2.50, -487.98
666.88, -2.50, -487.98
666.68, -2.50, -487.98
666.48, -2.50, -487.98
666.28, -2.50, -487.98
666.08, -2.50, -487.98
665.88, -2.50, -487.98
665.68, -2.50, -487.98
665.48, -2.50, -487.98
665.28, -2.50, -487.98
665.28, -1.50, -487.98
665.28, -0.50, -487.98
665.28, 0.50, -487.98
665.28, 1.50, -487.98
665.28, 2.50, -486.98
665.28, 3.50, -486.98
665.28, 4.50, -486.98
665.28, 5.50, -486.98
665.28, 6.50, -486.98
665.28, 7.50, -486.98
665.28, 8.50, -486.98
665.28, 9.50, -486.98
665.28, 10.50, -486.98
665.28, 11.50, -486.98
665.28, 12.50, -485.98
665.28, 13.50, -485.98
665.28, 14.50, -485.98
665.28, 15.50, -485.98
665.28, 16.50, -485.98
665.28, 17.50, -485.98
665.28, 18.50, -485.98
665.28, 19.50, -485.98
665.28, 20.50, -485.98
665.28, 21.50, -484.98
665.28, 22.50, -484.98
665.28, 23.50, -484.98
665.28, 24.50, -484.98
665.28, 25.50, -484.98
665.28, 26.50, -484.98
665.28, 27.50, -484.98
665.28, 28.50, -484.98
665.28, 29.50, -484.98
665.28, 30.50, -484.98
665.28, 31.50, -483.98
665.28, 32.50, -483.98
665.28, 33.50, -483.98
665.28, 34.50, -483.98
665.28, 35.50, -483.98
665.28, 36.50, -483.98
665.28, 37.50, -483.98
665.28, 38.50, -483.98
665.28, 39.50, -483.98
665.28, 40.50, -482.98
665.28, 41.50, -482.98
665.28, 42.50, -482.98
665.28, 43.50, -482.98
665.28, 44.50, -482.98
665.28, 45.50, -482.98
665.28, 46.50, -482.98
665.28, 47.50, -482.98
665.28, 48.50, -482.98
665.28, 49.50, -482.98
665.28, 50.50, -481.98
665.28, 51.50, -481.98
665.28, 52.50, -481.98
665.28, 53.50, -481.98
665.28, 54.50, -481.98
665.28, 55.50, -481.98
665.28, 56.50, -481.98
665.28, 57.50, -481.98
665.28, 58.50, -481.98
665.28, 59.50, -480.98
665.28, 60.50, -480.98
665.28, 61.50, -480.98
665.28, 62.50, -480.98
665.28, 63.50, -480.98
665.28, 64.50, -480.98
665.28, 65.50, -480.98
665.28, 66.50, -480.98
665.28, 67.50, -480.98
665.28, 68.50, -480.98
665.28, 69.50, -479.98
665.28, 70.50, -479.98
665.28, 71.50, -479.98
665.28, 72.50, -479.98
665.28, 73.50, -479.98
665.48, 73.50, -479.98
665.68, 73.50, -479.98
665.88, 73.50, -479.98
666.08, 73.50, -479.98
666.28, 73.50, -479.98
666.48, 73.50, -479.98
666.68, 73.50, -479.98
666.88, 73.50, -479.98
667.08, 73.50, -479.98
667.28, 73.50, -479.98
667.48, 73.50, -479.98
667.68, 73.50, -479.98
667.88, 73.50, -479.98
668.08, 73.50, -479.98
668.28, 73.50, -479.98
668.48, 73.50, -479.98
668.68, 73.50, -479.98
668.88, 73.50, -479.98
669.08, 73.50, -479.98
669.28, 73.50, -479.98
669.48, 73.50, -479.98
669.68, 73.50, -479.98
669.88, 73.50, -479.98
670.08, 73.50, -479.98
670.28, 73.50, -479.98
670.48, 73.50, -479.98
670.68, 73.50, -479.98
670.88, 73.50, -479.98
671.08, 73.50, -479.98
671.28, 73.50, -479.98
671.48, 73.50, -479.98
671.68, 73.50, -479.98
671.88, 73.50, -479.98
672.08, 73.50, -479.98
672.28, 73.50, -479.98
672.48, 73.50, -479.98
672.68, 73.50, -479.98
672.88, 73.50, -479.98
673.08, 73.50, -479.98
673.28, 73.50, -479.98
673.48, 73.50, -479.98
673.68, 73.50, -479.98
673.88, 73.50, -479.98
674.08, 73.50, -479.98
674.28, 73.50, -479.98
674.48, 73.50, -479.98
674.68, 73.50, -479.98
674.88, 73.50, -479.98
675.08, 73.50, -479.98
675.28, 73.50, -479.98
675.48, 73.50, -479.98
675.68, 73.50, -479.98
675.88, 73.50, -479.98
676.08, 73.50, -479.98
676.28, 73.50, -479.98
676.48, 73.50, -479.98
676.68, 73.50, -479.98
676.88, 73.50, -479.98
677.08, 73.50, -479.98
677.28, 73.50, -479.98
677.48, 73.50, -479.98
677.68, 73.50, -479.98
677.88, 73.50, -479.98
678.08, 73.50, -479.98
678.28, 73.50, -479.98
678.48, 73.50, -479.98
678.68, 73.50, -479.98
678.88, 73.50, -479.98
679.08, 73.50, -479.98
679.28, 73.50, -479.98
679.48, 73.50, -479.98
679.68, 73.50, -479.98
679.88, 73.50, -479.98
680.08, 73.50, -479.98
680.28, 73.50, -479.98
680.48, 73.50, -479.98
680.68, 73.50, -479.98
680.88, 73.50, -479.98
681.08, 73.50, -479.98
681.28, 73.50, -479.98
681.48, 73.50, -479.98
681.68, 73.50, -479.98
681.88, 73.50, -479.98
682.08, 73.50, -479.98
682.28, 73.50, -479.98
682.48, 73.50, -479.98
682.68, 73.50, -479.98
682.88, 73.50, -479.98
683.08, 73.50, -479.98
683.28, 73.50, -479.98
683.48, 73.50, -479.98
683.68, 73.50, -479.98
683.88, 73.50, -479.98
684.08, 73.50, -479.98
684.28, 73.50, -479.98
684.48, 73.50, -479.98
684.68, 73.50, -479.98
684.88, 73.50, -479.98
685.08, 73.50, -479.98
685.28, 73.50, -479.98
685.28, 73.50, -478.98
685.28, 73.50, -477.98
685.28, 73.50, -476.98
685.28, 73.50, -475.98
685.28, 72.50, -474.98
685.28, 72.50, -473.98
685.28, 72.50, -472.98
685.28, 72.50, -471.98
685.28, 72.50, -470.98
685.28, 72.50, -469.98
685.28, 72.50, -468.98
685.28, 72.50, -467.98
685.28, 71.50, -466.98
685.28, 71.50, -465.98
685.28, 71.50, -464.98
685.28, 71.50, -463.98
685.28, 71.50, -462.98
685.28, 71.50, -461.98
685.28, 71.50, -460.98
685.28, 71.50, -459.98
685.28, 70.50, -458.98
685.28, 70.50, -457.98
685.28, 70.50, -456.98
685.28, 70.50, -455.98
685.28, 70.50, -454.98
685.28, 70.50, -453.98
685.28, 69.50, -452.98
685.28, 69.50, -451.98
685.28, 69.50, -450.98
685.28, 69.50, -449.98
685.28, 69.50, -448.98
685.28, 69.50, -447.98
685.28, 69.50, -446.98
685.28, 69.50, -445.98
685.28, 68.50, -444.98
685.28, 68.50, -443.98
685.28, 68.50, -442.98
685.28, 68.50, -441.98
685.28, 68.50, -440.98
685.28, 68.50, -439.98
685.28, 68.50, -438.98
685.28, 68.50, -437.98
685.28, 68.50, -436.98
685.28, 68.50, -435.98
685.28, 68.50, -434.98
685.28, 68.50, -433.98
685.28, 68.50, -432.98
685.28, 68.50, -431.98
685.28, 68.50, -430.98
685.28, 68.50, -429.98
685.28, 68.50, -428.98
685.28, 68.50, -427.98
685.28, 68.50, -426.98
685.28, 68.50, -425.98
685.28, 68.50, -424.98
685.28, 68.50, -423.98
685.28, 68.50, -422.98
685.28, 68.50, -421.98
685.28, 68.50, -420.98
685.28, 68.50, -419.98
685.28, 68.50, -418.98
685.28, 68.50, -417.98
685.28, 68.50, -416.98
685.28, 68.50, -415.98
685.28, 68.50, -414.98
685.28, 68.50, -413.98
685.28, 68.50, -412.98
685.28, 68.50, -411.98
685.28, 68.50, -410.98
685.28, 68.50, -409.98
685.28, 68.50, -408.98
685.28, 68.50, -407.98
685.28, 68.50, -406.98
685.28, 68.50, -405.98
685.28, 68.50, -404.98
685.28, 68.50, -403.98
685.28, 69.50, -402.98
685.08, 69.50, -402.98
684.88, 69.50, -402.98
684.68, 69.50, -402.98
684.48, 69.50, -402.98
684.28, 69.50, -402.98
684.08, 69.50, -402.98
683.88, 69.50, -402.98
683.68, 69.50, -402.98
683.48, 69.50, -402.98
683.28, 69.50, -402.98
683.08, 69.50, -402.98
682.88, 69.50, -402.98
682.68, 69.50, -402.98
682.48, 69.50, -402.98
682.28, 69.50, -402.98
682.08, 69.50, -402.98
681.88, 69.50, -402.98
681.68, 69.50, -402.98
681.48, 69.50, -402.98
681.28, 69.50, -402.98
681.08, 69.50, -402.98
680.88, 69.50, -402.98
680.68, 69.50, -402.98
680.48, 69.50, -402.98
680.28, 69.50, -402.98
680.08, 69.50, -402.98
679.88, 69.50, -402.98
679.68, 69.50, -402.98
679.48, 69.50, -402.98
679.28, 69.50, -402.98
679.08, 69.50, -402.98
678.88, 69.50, -402.98
678.68, 69.50, -402.98
678.48, 69.50, -402.98
678.28, 69.50, -402.98
678.08, 69.50, -402.98
677.88, 69.50, -402.98
677.68, 69.50, -402.98
677.48, 69.50, -402.98
677.28, 69.50, -402.98
677.08, 69.50, -402.98
676.88, 69.50, -402.98
676.68, 69.50, -402.98
676.48, 69.50, -402.98
676.28, 69.50, -402.98
676.08, 69.50, -402.98
675.88, 69.50, -402.98
675.68, 69.50, -402.98
675.48, 69.50, -402.98
675.28, 69.50, -402.98
675.08, 69.50, -402.98
674.88, 69.50, -402.98
674.68, 69.50, -402.98
674.48, 69.50, -402.98
674.28, 69.50, -402.98
674.08, 69.50, -402.98
673.88, 69.50, -402.98
673.68, 69.50, -402.98
673.48, 69.50, -402.98
673.28, 69.50, -402.98
673.08, 69.50, -402.98
672.88, 69.50, -402.98
672.68, 69.50, -402.98
672.48, 69.50, -402.98
672.28, 69.50, -402.98
672.08, 69.50, -402.98
671.88, 69.50, -402.98
671.68, 69.50, -402.98
671.48, 69.50, -402.98
671.28, 69.50, -402.98
671.08, 69.50, -402.98
670.88, 69.50, -402.98
670.68, 69.50, -402.98
670.48, 69.50, -402.98
670.28, 69.50, -402.98
670.08, 69.50, -402.98
669.88, 69.50, -402.98
669.68, 69.50, -402.98
669.48, 69.50, -402.98
669.28, 69.50, -402.98
669.08, 69.50, -402.98
668.88, 69.50, -402.98
668.68, 69.50, -402.98
668.48, 69.50, -402.98
668.28, 69.50, -402.98
668.08, 69.50, -402.98
667.88, 69.50, -402.98
667.68, 69.50, -402.98
667.48, 69.50, -402.98
667.28, 69.50, -402.98
667.08, 69.50, -402.98
666.88, 69.50, -402.98
666.68, 69.50, -402.98
666.48, 69.50, -402.98
666.28, 69.50, -402.98
666.08, 69.50, -402.98
665.88, 69.50, -402.98
665.68, 69.50, -402.98
665.48, 69.50, -402.98
665.28, 69.50, -402.98
665.28, 69.50, -403.98
665.28, 69.50, -404.98
665.28, 69.50, -405.98
665.28, 69.50, -406.98
665.28, 69.50, -407.98
665.28, 69.50, -408.98
665.28, 69.50, -409.98
665.28, 69.50, -410.98
665.28, 69.50, -411.98
665.28, 69.50, -412.98
665.28, 69.50, -413.98
665.28, 69.50, -414.98
665.28, 69.50, -415.98
665.28, 69.50, -416.98
665.28, 69.50, -417.98
665.28, 69.50, -418.98
665.28, 69.50, -419.98
665.28, 68.50, -420.98
665.28, 68.50, -421.98
665.28, 68.50, -422.98
665.28, 68.50, -423.98
665.28, 68.50, -424.98
665.28, 68.50, -425.98
665.28, 68.50, -426.98
665.28, 68.50, -427.98
665.28, 68.50, -428.98
665.28, 68.50, -429.98
665.28, 68.50, -430.98
665.28, 68.50, -431.98
665.28, 68.50, -432.98
665.28, 68.50, -433.98
665.28, 68.50, -434.98
665.28, 68.50, -435.98
665.28, 68.50, -436.98
665.28, 68.50, -437.98
665.48, 68.50, -437.98
665.68, 68.50, -437.98
665.88, 68.50, -437.98
666.08, 68.50, -437.98
666.28, 68.50, -437.98
666.48, 68.50, -437.98
666.68, 68.50, -437.98
666.88, 68.50, -437.98
667.08, 68.50, -437.98
667.28, 68.50, -437.98
667.48, 68.50, -437.98
667.68, 68.50, -437.98
667.88, 68.50, -437.98
668.08, 68.50, -437.98
668.28, 68.50, -437.98
668.48, 68.50, -437.98
668.68, 68.50, -437.98
668.88, 68.50, -437.98
669.08, 68.50, -437.98
669.28, 68.50, -437.98
669.48, 68.50, -437.98
669.68, 68.50, -437.98
669.88, 68.50, -437.98
670.08, 68.50, -437.98
670.28, 68.50, -437.98
670.48, 68.50, -437.98
670.68, 68.50, -437.98
670.88, 68.50, -437.98
671.08, 68.50, -437.98
671.28, 68.50, -437.98
671.48, 68.50, -437.98
671.68, 68.50, -437.98
671.88, 68.50, -437.98
672.08, 68.50, -437.98
672.28, 68.50, -437.98
672.48, 68.50, -437.98
672.68, 68.50, -437.98
672.88, 68.50, -437.98
673.08, 68.50, -437.98
673.28, 68.50, -437.98
673.48, 68.50, -437.98
673.68, 68.50, -437.98
673.88, 68.50, -437.98
674.08, 68.50, -437.98
674.28, 68.50, -437.98
674.48, 68.50, -437.98
674.68, 68.50, -437.98
674.88, 68.50, -437.98
675.08, 68.50, -437.98
675.28, 68.50, -437.98
675.48, 68.50, -437.98
675.68, 68.50, -437.98
675.88, 68.50, -437.98
676.08, 68.50, -437.98
676.28, 68.50, -437.98
676.48, 68.50, -437.98
676.68, 68.50, -437.98
676.88, 68.50, -437.98
677.08, 68.50, -437.98
677.28, 68.50, -437.98
677.48, 68.50, -437.98
677.68, 68.50, -437.98
677.88, 68.50, -437.98
678.08, 68.50, -437.98
678.28, 68.50, -437.98
678.48, 68.50, -437.98
678.68, 68.50, -437.98
678.88, 68.50, -437.98
679.08, 68.50, -437.98
679.28, 68.50, -437.98
679.48, 68.50, -437.98
679.68, 68.50, -437.98
679.88, 68.50, -437.98
680.08, 68.50, -437.98
680.28, 68.50, -437.98
680.48, 68.50, -437.98
680.68, 68.50, -437.98
680.88, 68.50, -437.98
681.08, 68.50, -437.98
681.28, 68.50, -437.98
681.48, 68.50, -437.98
681.68, 68.50, -437.98
681.88, 68.50, -437.98
682.08, 68.50, -437.98
682.28, 68.50, -437.98
682.48, 68.50, -437.98
682.68, 68.50, -437.98
682.88, 68.50, -437.98
683.08, 68.50, -437.98
683.28, 68.50, -437.98
683.48, 68.50, -437.98
683.68, 68.50, -437.98
683.88, 68.50, -437.98
684.08, 68.50, -437.98
684.28, 68.50, -437.98
684.48, 68.50, -437.98
684.68, 68.50, -437.98
684.88, 68.50, -437.98
685.08, 68.50, -437.98
685.28, 68.50, -437.98
685.28, 67.50, -437.98
685.28, 66.50, -437.98
685.28, 65.50, -437.98
685.28, 64.50, -437.98
685.28, 63.50, -437.98
685.28, 62.50, -437.98
685.28, 61.50, -437.98
685.28, 60.50, -437.98
685.28, 59.50, -437.98
685.28, 58.50, -437.98
685.28, 57.50, -437.98
685.28, 56.50, -437.98
685.28, 55.50, -437.98
685.28, 54.50, -437.98
685.28, 53.50, -437.98
685.28, 52.50, -437.98
685.28, 51.50, -437.98
685.28, 50.50, -437.98
685.28, 49.50, -437.98
685.28, 48.50, -437.98
685.28, 47.50, -437.98
685.28, 46.50, -437.98
685.28, 45.50, -437.98
685.28, 44.50, -437.98
685.28, 43.50, -437.98
685.28, 42.50, -437.98
685.28, 41.50, -437.98
685.28, 40.50, -437.98
685.28, 39.50, -437.98
685.28, 38.50, -437.98
685.28, 37.50, -437.98
685.28, 36.50, -437.98
685.28, 35.50, -437.98
685.28, 34.50, -437.98
685.28, 33.50, -437.98
685.28, 32.50, -437.98
685.28, 31.50, -437.98
685.28, 30.50, -437.98
685.28, 29.50, -437.98
685.28, 28.50, -437.98
685.28, 27.50, -437.98
685.28, 26.50, -437.98
685.28, 25.50, -437.98
685.28, 24.50, -437.98
685.28, 23.50, -437.98
685.28, 22.50, -437.98
685.28, 21.50, -437.98
685.28, 20.50, -437.98
685.28, 19.50, -437.98
685.28, 18.50, -437.98
685.28, 17.50, -437.98
685.28, 16.50, -437.98
685.28, 15.50, -437.98
685.28, 14.50, -437.98
685.28, 13.50, -437.98
685.28, 12.50, -437.98
685.28, 11.50, -437.98
685.28, 10.50, -437.98
685.28, 9.50, -437.98
685.28, 8.50, -437.98
685.28, 7.50, -437.98
685.28, 6.50, -437.98
685.28, 5.50, -437.98
685.28, 4.50, -437.98
685.28, 3.50, -437.98
685.28, 2.50, -437.98
685.28, 1.50, -437.98
685.28, 0.50, -437.98
685.28, -0.50, -437.98
685.28, -1.50, -437.98
685.28, -2.50, -437.98
685.28, -3.50, -437.98
685.28, -4.50, -437.98
685.28, -5.50, -437.98
685.28, -6.50, -437.98
685.28, -7.50, -437.98
685.28, -8.50, -437.98
685.28, -9.50, -437.98
685.28, -10.50, -437.98
685.28, -11.50, -437.98
685.28, -12.50, -436.98
685.28, -13.50, -436.98
685.28, -14.50, -436.98
685.28, -15.50, -436.98
685.28, -16.50, -436.98
685.28, -17.50, -436.98
685.28, -18.50, -436.98
685.08, -18.50, -436.98
684.88, -18.50, -436.98
684.68, -18.50, -436.98
684.48, -18.50, -436.98
684.28, -18.50, -436.98
684.08, -18.50, -436.98
683.88, -18.50, -436.98
683.68, -18.50, -436.98
683.48, -18.50, -436.98
683.28, -18.50, -436.98
683.08, -18.50, -436.98
682.88, -18.50, -436.98
682.68, -18.50, -436.98
682.48, -18.50, -436.98
682.28, -18.50, -436.98
682.08, -18.50, -436.98
681.88, -18.50, -436.98
681.68, -18.50, -436.98
681.48, -18.50, -436.98
681.28, -18.50, -436.98
681.08, -18.50, -436.98
680.88, -18.50, -436.98
680.68, -18.50, -436.98
680.48, -18.50, -436.98
680.28, -18.50, -436.98
680.08, -18.50, -436.98
679.88, -18.50, -436.98
679.68, -18.50, -436.98
679.48, -18.50, -436.98
679.28, -18.50, -436.98
679.08, -18.50, -436.98
678.88, -18.50, -436.98
678.68, -18.50, -436.98
678.48, -18.50, -436.98
678.28, -18.50, -436.98
678.08, -18.50, -436.98
677.88, -18.50, -436.98
677.68, -18.50, -436.98
677.48, -18.50, -436.98
677.28, -18.50, -436.98
677.08, -18.50, -436.98
676.88, -18.50, -436.98
676.68, -18.50, -436.98
676.48, -18.50, -436.98
676.28, -18.50, -436.98
676.08, -18.50, -436.98
675.88, -18.50, -436.98
675.68, -18.50, -436.98
675.48, -18.50, -436.98
675.28, -18.50, -436.98
675.08, -18.50, -436.98
674.88, -18.50, -436.98
674.68, -18.50, -436.98
674.48, -18.50, -436.98
674.28, -18.50, -436.98
674.08, -18.50, -436.98
673.88, -18.50, -436.98
673.68, -18.50, -436.98
673.48, -18.50, -436.98
673.28, -18.50, -436.98
673.08, -18.50, -436.98
672.88, -18.50, -436.98
672.68, -18.50, -436.98
672.48, -18.50, -436.98
672.28, -18.50, -436.98
672.08, -18.50, -436.98
671.88, -18.50, -436.98
671.68, -18.50, -436.98
671.48, -18.50, -436.98
671.28, -18.50, -436.98
671.08, -18.50, -436.98
670.88, -18.50, -436.98
670.68, -18.50, -436.98
670.48, -18.50, -436.98
670.28, -18.50, -436.98
670.08, -18.50, -436.98
669.88, -18.50, -436.98
669.68, -18.50, -436.98
669.48, -18.50, -436.98
669.28, -18.50, -436.98
669.08, -18.50, -436.98
668.88, -18.50, -436.98
668.68, -18.50, -436.98
668.48, -18.50, -436.98
668.28, -18.50, -436.98
668.08, -18.50, -436.98
667.88, -18.50, -436.98
667.68, -18.50, -436.98
667.48, -18.50, -436.98
667.28, -18.50, -436.98
667.08, -18.50, -436.98
666.88, -18.50, -436.98
666.68, -18.50, -436.98
666.48, -18.50, -436.98
666.28, -18.50, -436.98
666.08, -18.50, -436.98
665.88, -18.50, -436.98
665.68, -18.50, -436.98
665.48, -18.50, -436.98
665.28, -18.50, -436.98
665.28, -19.50, -437.98
665.28, -20.50, -437.98
665.28, -21.50, -438.98
665.28, -22.50, -439.98
665.28, -23.50, -439.98
665.28, -24.50, -440.98
665.28, -25.50, -441.98
665.28, -26.50, -441.98
665.28, -27.50, -442.98
665.28, -28.50, -443.98
665.28, -29.50, -443.98
665.28, -30.50, -444.98
665.28, -31.50, -445.98
665.28, -32.50, -445.98
665.28, -33.50, -446.98
665.28, -34.50, -447.98
665.28, -35.50, -447.98
665.28, -36.50, -448.98
665.28, -37.50, -449.98
665.28, -38.50, -449.98
665.28, -39.50, -450.98
665.28, -40.50, -451.98
665.28, -41.50, -452.98
665.28, -42.50, -452.98
665.28, -43.50, -453.98
665.28, -44.50, -454.98
665.28, -45.50, -454.98
665.28, -46.50, -455.98
665.28, -47.50, -456.98
665.28, -48.50, -456.98
665.28, -49.50, -457.98
665.28, -50.50, -458.98
665.28, -51.50, -458.98
665.28, -52.50, -459.98
665.28, -53.50, -460.98
665.28, -54.50, -460.98
665.28, -55.50, -461.98
665.28, -56.50, -462.98
665.28, -57.50, -462.98
665.28, -58.50, -463.98
665.28, -59.50, -464.98
665.28, -60.50, -464.98
665.28, -61.50, -465.98
665.28, -62.50, -466.98
665.28, -63.50, -466.98
665.28, -64.50, -467.98
665.28, -65.50, -468.98
665.28, -66.50, -468.98
665.28, -67.50, -469.98
665.28, -68.50, -470.98
665.28, -69.50, -470.98
665.28, -70.50, -471.98
665.28, -71.50, -472.98
665.28, -72.50, -472.98
665.28, -73.50, -473.98
665.28, -74.50, -474.98
665.28, -75.50, -474.98
665.28, -76.50, -475.98
665.28, -77.50, -476.98
665.28, -78.50, -476.98
665.28, -79.50, -477.98
665.28, -80.50, -478.98
665.28, -81.50, -479.98
665.28, -82.50, -479.98
665.28, -83.50, -480.98
665.28, -84.50, -481.98
665.28, -85.50, -481.98
665.28, -86.50, -482.98
665.28, -87.50, -483.98
665.28, -88.50, -483.98
665.28, -89.50, -484.98
665.28, -90.50, -485.98
665.28, -91.50, -485.98
665.28, -92.50, -486.98
665.28, -93.50, -487.98
665.28, -94.50, -487.98
665.28, -95.50, -488.98
665.28, -96.50, -489.98
665.28, -97.50, -489.98
665.28, -98.50, -490.98
665.28, -99.50, -491.98
665.28, -100.50, -491.98
665.28, -101.50, -492.98
665.48, -101.50, -492.98
665.68, -101.50, -492.98
665.88, -101.50, -492.98
666.08, -101.50, -492.98
666.28, -101.50, -492.98
666.48, -101.50, -492.98
666.68, -101.50, -492.98
666.88, -101.50, -492.98
667.08, -101.50, -492.98
667.28, -101.50, -492.98
667.48, -101.50, -492.98
667.68, -101.50, -492.98
667.88, -101.50, -492.98
668.08, -101.50, -492.98
668.28, -101.50, -492.98
668.48, -101.50, -492.98
668.68, -101.50, -492.98
668.88, -101.50, -492.98
669.08, -101.50, -492.98
669.28, -101.50, -492.98
669.48, -101.50, -492.98
669.68, -101.50, -492.98
669.88, -101.50, -492.98
670.08, -101.50, -492.98
670.28, -101.50, -492.98
670.48, -101.50, -492.98
670.68, -101.50, -492.98
670.88, -101.50, -492.98
671.08, -101.50, -492.98
671.28, -101.50, -492.98
671.48, -101.50, -492.98
671.68, -101.50, -492.98
671.88, -101.50, -492.98
672.08, -101.50, -492.98
672.28, -101.50, -492.98
672.48, -101.50, -492.98
672.68, -101.50, -492.98
672.88, -101.50, -492.98
673.08, -101.50, -492.98
673.28, -101.50, -492.98
673.48, -101.50, -492.98
673.68, -101.50, -492.98
673.88, -101.50, -492.98
674.08, -101.50, -492.98
674.28, -101.50, -492.98
674.48, -101.50, -492.98
674.68, -101.50, -492.98
674.88, -101.50, -492.98
675.08, -101.50, -492.98
675.28, -101.50, -492.98
675.48, -101.50, -492.98
675.68, -101.50, -492.98
675.88, -101.50, -492.98
676.08, -101.50, -492.98
676.28, -101.50, -492.98
676.48, -101.50, -492.98
676.68, -101.50, -492.98
676.88, -101.50, -492.98
677.08, -101.50, -492.98
677.28, -101.50, -492.98
677.48, -101.50, -492.98
677.68, -101.50, -492.98
677.88, -101.50, -492.98
678.08, -101.50, -492.98
678.28, -101.50, -492.98
678.48, -101.50, -492.98
678.68, -101.50, -492.98
678.88, -101.50, -492.98
679.08, -101.50, -492.98
679.28, -101.50, -492.98
679.48, -101.50, -492.98
679.68, -101.50, -492.98
679.88, -101.50, -492.98
680.08, -101.50, -492.98
680.28, -101.50, -492.98
680.48, -101.50, -492.98
680.68, -101.50, -492.98
680.88, -101.50, -492.98
681.08, -101.50, -492.98
681.28, -101.50, -492.98
681.48, -101.50, -492.98
681.68, -101.50, -492.98
681.88, -101.50, -492.98
682.08, -101.50, -492.98
682.28, -101.50, -492.98
682.48, -101.50, -492.98
682.68, -101.50, -492.98
682.88, -101.50, -492.98
683.08, -101.50, -492.98
683.28, -101.50, -492.98
683.48, -101.50, -492.98
683.68, -101.50, -492.98
683.88, -101.50, -492.98
684.08, -101.50, -492.98
684.28, -101.50, -492.98
684.48, -101.50, -492.98
684.68, -101.50, -492.98
684.88, -101.50, -492.98
685.08, -101.50, -492.98
685.28, -101.50, -492.98
685.28, -100.50, -492.98
685.28, -99.50, -492.98
685.28, -98.50, -492.98
685.28, -97.50, -492.98
685.28, -96.50, -492.98
685.28, -95.50, -492.98
685.28, -94.50, -492.98
685.28, -93.50, -492.98
685.28, -92.50, -492.98
685.28, -91.50, -492.98
685.28, -90.50, -492.98
685.28, -89.50, -492.98
685.28, -88.50, -492.98
685.28, -87.50, -492.98
685.28, -86.50, -492.98
685.28, -85.50, -492.98
685.28, -84.50, -492.98
685.28, -83.50, -492.98
685.28, -82.50, -492.98
685.28, -81.50, -492.98
685.28, -80.50, -492.98
685.28, -79.50, -492.98
685.28, -78.50, -492.98
685.28, -77.50, -492.98
685.28, -76.50, -492.98
685.28, -75.50, -492.98
685.28, -74.50, -492.98
685.28, -73.50, -492.98
685.28, -72.50, -492.98
685.28, -71.50, -492.98
685.28, -70.50, -492.98
685.28, -69.50, -492.98
685.28, -68.50, -491.98
685.28, -67.50, -491.98
685.28, -66.50, -491.98
685.28, -65.50, -491.98
685.28, -64.50, -491.98
685.28, -63.50, -491.98
685.28, -62.50, -491.98
685.28, -61.50, -491.98
685.28, -60.50, -491.98
685.28, -59.50, -491.98
685.28, -58.50, -491.98
685.28, -57.50, -491.98
685.28, -56.50, -491.98
685.28, -55.50, -491.98
685.28, -54.50, -491.98
685.28, -53.50, -491.98
685.28, -52.50, -491.98
685.28, -51.50, -491.98
685.28, -51.50, -490.98
685.28, -52.50, -489.98
685.28, -52.50, -488.98
685.28, -53.50, -487.98
685.28, -54.50, -486.98
685.28, -55.50, -485.98
685.28, -55.50, -484.98
685.28, -56.50, -483.98
685.28, -57.50, -482.98
685.28, -58.50, -481.98
685.28, -59.50, -480.98
685.28, -60.50, -479.98
685.28, -61.50, -478.98
685.28, -62.50, -477.98
685.28, -63.50, -476.98
685.28, -64.50, -475.98
685.28, -65.50, -474.98
685.28, -66.50, -473.98
685.28, -67.50, -472.98
685.28, -68.50, -471.98
685.28, -68.50, -470.98
685.28, -69.50, -469.98
685.28, -70.50, -468.98
685.28, -70.50, -467.98
685.28, -71.50, -466.98
685.28, -72.50, -465.98
685.28, -73.50, -464.98
685.28, -74.50, -463.98
685.28, -75.50, -462.98
685.28, -75.50, -461.98
685.28, -76.50, -460.98
685.28, -77.50, -459.98
685.28, -78.50, -458.98
685.28, -79.50, -457.98
685.28, -80.50, -456.98
685.28, -81.50, -455.98
685.28, -82.50, -454.98
685.28, -83.50, -453.98
685.28, -84.50, -452.98
685.28, -85.50, -451.98
685.28, -86.50, -450.98
685.28, -87.50, -450.98
685.28, -87.50, -451.98
685.28, -87.50, -452.98
685.28, -88.50, -453.98
685.28, -88.50, -454.98
685.28, -88.50, -455.98
685.28, -88.50, -456.98
685.28, -88.50, -457.98
685.28, -88.50, -458.98
685.28, -88.50, -459.98
685.28, -88.50, -460.98
685.28, -88.50, -461.98
685.28, -88.50, -462.98
685.28, -88.50, -463.98
685.28, -89.50, -464.98
685.28, -89.50, -465.98
685.28, -89.50, -466.98
685.28, -89.50, -467.98
685.28, -89.50, -468.98
685.28, -89.50, -469.98
685.28, -89.50, -470.98
685.28, -89.50, -471.98
685.28, -89.50, -472.98
685.28, -89.50, -473.98
685.28, -90.50, -474.98
685.28, -90.50, -475.98
685.28, -90.50, -476.98
685.28, -90.50, -477.98
685.28, -91.50, -478.98
685.28, -91.50, -479.98
685.28, -91.50, -480.98
685.28, -91.50, -481.98
685.28, -92.50, -482.98
685.28, -92.50, -483.98
685.28, -93.50, -484.98
685.28, -93.50, -485.98
685.28, -93.50, -486.98
685.28, -94.50, -487.98
685.28, -94.50, -488.98
685.28, -95.50, -489.98
685.28, -95.50, -490.98
685.28, -95.50, -491.98
685.28, -96.50, -492.98
685.28, -96.50, -493.98
685.28, -97.50, -494.98
685.28, -97.50, -495.98
685.28, -98.50, -496.98
685.28, -98.50, -497.98
685.28, -99.50, -497.98
685.28, -99.50, -496.98
685.28, -100.50, -495.98
685.28, -100.50, -494.98
685.28, -101.50, -493.98
685.28, -101.50, -492.98
