120,200,200
120,199,200
120,198,200
120,197,200
120,196,200
120,195,200
120,194,200
120,193,200
120,192,200
120,191,200
120,190,200
120,189,200
120,188,200
120,187,200
120,186,200
120,185,200
120,184,200
120,183,200
120,182,200
120,181,200
120,180,200
120,179,200
120,178,200
120,177,200
120,176,200
120,175,200
120,174,200
120,173,200
120,172,200
120,171,200
120,170,200
120,169,200
120,168,200
120,167,200
120,166,200
120,165,200
120,164,200
120,163,200
120,162,200
120,161,200
120,160,200
120,159,200
120,158,200
120,157,200
120,156,200
120,155,200
120,154,200
120,153,200
120,152,200
120,151,200
120,150,200
120,149,200
120,148,200
120,147,200
120,146,200
120,145,200
120,144,200
120,143,200
120,142,200
120,141,200
120,140,200
120,139,200
120,138,200
120,137,200
120,136,200
120,135,200
120,134,200
120,133,200
120,132,200
120,131,200
120,130,200
120,129,200
120,128,200
120,127,200
120,126,200
120,125,200
121,124,200
121,123,200
121,122,200
121,121,200
121,120,200
121,119,200
121,118,200
121,117,200
121,116,200
121,115,200
121,114,200
121,113,200
121,112,200
121,111,200
121,110,200
121,109,200
121,108,200
121,107,200
121,106,200
121,105,200
121,104,200
121,103,200
121,102,200
121,101,200
121,100,200
121,99,200
121,98,200
121,97,200
121,96,200
121,95,200
121,94,200
121,93,200
121,92,200
121,91,200
121,90,200
121,89,200
121,88,200
121,87,200
121,86,200
121,85,200
121,84,200
121,83,200
121,82,200
121,81,200
121,80,200
121,79,200
121,78,200
121,77,200
121,76,200
121,75,200
121,74,200
121,73,200
121,72,200
121,71,200
121,70,200
121,69,200
121,68,200
121,67,200
121,66,200
121,65,200
121,64,200
121,63,200
121,62,200
121,61,200
121,60,200
121,59,200
121,58,200
121,57,200
121,56,200
121,55,200
121,54,200
121,53,200
121,52,200
121,51,200
121,50,200
121,49,200
