# Trayectoria exportada desde trazador.py (pierna izquierda, sistema de las pestañas de IK: X hacia abajo, Y adelante, Z lateral, mm)
# x_papel=685.28 centro=(0, -489.48) papel=255x255 escala=1 levantar=20 espejo=False
# ley_temporal metodo=quintico v=20 a=100 esquinas=si
685.28, 52.50, -578.98
685.28, 51.50, -579.98
685.28, 50.50, -579.98
685.28, 49.50, -580.98
685.28, 48.50, -580.98
685.28, 47.50, -581.98
685.28, 46.50, -581.98
685.28, 45.50, -582.98
685.28, 44.50, -582.98
685.28, 43.50, -583.98
685.28, 42.50, -584.98
685.28, 41.50, -584.98
685.28, 40.50, -585.98
685.28, 39.50, -585.98
685.28, 38.50, -586.98
685.28, 37.50, -587.98
685.28, 36.50, -587.98
685.28, 35.50, -588.98
685.28, 34.50, -588.98
685.28, 33.50, -589.98
685.28, 32.50, -590.98
685.28, 31.50, -590.98
685.28, 30.50, -591.98
685.28, 29.50, -591.98
685.28, 28.50, -592.98
685.28, 27.50, -593.98
685.28, 26.50, -593.98
685.28, 25.50, -594.98
685.28, 24.50, -594.98
685.28, 23.50, -595.98
685.28, 22.50, -595.98
685.28, 21.50, -596.98
685.28, 20.50, -596.98
685.28, 19.50, -596.98
685.28, 18.50, -597.98
685.28, 17.50, -597.98
685.28, 16.50, -597.98
685.28, 15.50, -598.98
685.28, 14.50, -598.98
685.28, 13.50, -598.98
685.28, 12.50, -599.98
685.28, 11.50, -599.98
685.28, 10.50, -600.98
685.28, 9.50, -600.98
685.28, 8.50, -601.98
685.28, 7.50, -601.98
685.28, 6.50, -602.98
685.28, 5.50, -602.98
685.28, 4.50, -603.98
685.28, 3.50, -603.98
685.28, 2.50, -604.98
685.28, 1.50, -604.98
685.28, 0.50, -605.98
685.28, -0.50, -605.98
685.28, -1.50, -606.98
685.28, -2.50, -606.98
685.28, -3.50, -607.98
685.28, -4.50, -607.98
685.28, -5.50, -608.98
685.28, -6.50, -608.98
685.28, -7.50, -608.98
685.28, -8.50, -609.98
685.28, -9.50, -609.98
685.28, -10.50, -610.98
685.28, -11.50, -610.98
685.28, -12.50, -610.98
685.28, -13.50, -611.98
685.28, -14.50, -611.98
685.28, -15.50, -612.98
685.28, -16.50, -612.98
685.28, -17.50, -613.98
685.28, -18.50, -613.98
685.28, -19.50, -613.98
685.28, -20.50, -614.98
685.28, -21.50, -614.98
685.28, -22.50, -615.98
685.28, -23.50, -615.98
685.28, -24.50, -615.98
685.28, -25.50, -615.98
685.28, -26.50, -615.98
685.28, -27.50, -616.98
685.28, -28.50, -616.98
685.28, -29.50, -616.98
685.28, -30.50, -616.98
685.28, -31.50, -616.98
685.28, -32.50, -616.98
685.28, -33.50, -616.98
685.28, -34.50, -616.98
685.28, -35.50, -616.98
685.28, -36.50, -616.98
685.28, -37.50, -616.98
685.28, -38.50, -616.98
685.28, -39.50, -616.98
685.28, -40.50, -616.98
685.28, -41.50, -616.98
685.28, -42.50, -616.98
685.28, -43.50, -616.98
685.28, -44.50, -616.98
685.28, -45.50, -616.98
685.28, -46.50, -616.98
685.28, -47.50, -616.98
685.28, -48.50, -616.98
685.28, -49.50, -616.98
685.28, -50.50, -616.98
685.28, -51.50, -615.98
685.28, -52.50, -615.98
685.28, -53.50, -615.98
685.28, -54.50, -615.98
685.28, -55.50, -614.98
685.28, -56.50, -614.98
685.28, -57.50, -613.98
685.28, -58.50, -613.98
685.28, -59.50, -612.98
685.28, -60.50, -611.98
685.28, -61.50, -611.98
685.28, -62.50, -610.98
685.28, -63.50, -609.98
685.28, -64.50, -608.98
685.28, -65.50, -607.98
685.28, -66.50, -606.98
685.28, -67.50, -605.98
685.28, -68.50, -604.98
685.28, -69.50, -603.98
685.28, -70.50, -602.98
685.28, -71.50, -601.98
685.28, -72.50, -600.98
685.28, -73.50, -599.98
685.28, -74.50, -598.98
685.28, -75.50, -597.98
685.28, -75.50, -596.98
685.28, -76.50, -595.98
685.28, -76.50, -594.98
685.28, -77.50, -593.98
685.28, -77.50, -592.98
685.28, -78.50, -591.98
685.28, -78.50, -590.98
685.28, -79.50, -589.98
685.28, -79.50, -588.98
685.28, -80.50, -587.98
685.28, -80.50, -586.98
685.28, -81.50, -585.98
685.28, -81.50, -584.98
685.28, -82.50, -583.98
685.28, -82.50, -582.98
685.28, -83.50, -581.98
685.28, -83.50, -580.98
685.28, -84.50, -579.98
685.28, -84.50, -578.98
685.28, -85.50, -577.98
685.28, -85.50, -576.98
685.28, -85.50, -575.98
685.28, -86.50, -574.98
685.28, -86.50, -573.98
685.28, -86.50, -572.98
685.28, -87.50, -571.98
685.28, -87.50, -570.98
685.28, -87.50, -569.98
685.28, -87.50, -568.98
685.28, -88.50, -567.98
685.28, -88.50, -566.98
685.28, -88.50, -565.98
685.28, -88.50, -564.98
685.28, -89.50, -563.98
685.28, -89.50, -562.98
685.28, -89.50, -561.98
685.28, -89.50, -560.98
685.28, -90.50, -559.98
685.28, -90.50, -558.98
685.28, -90.50, -557.98
685.28, -90.50, -556.98
685.28, -91.50, -555.98
685.28, -91.50, -554.98
685.28, -91.50, -553.98
685.28, -91.50, -552.98
685.28, -92.50, -551.98
685.28, -92.50, -550.98
685.28, -92.50, -549.98
685.28, -92.50, -548.98
685.28, -93.50, -547.98
685.28, -93.50, -546.98
685.28, -93.50, -545.98
685.28, -93.50, -544.98
685.28, -93.50, -543.98
685.28, -94.50, -542.98
685.28, -94.50, -541.98
685.28, -94.50, -540.98
685.28, -94.50, -539.98
685.28, -94.50, -538.98
685.28, -94.50, -537.98
685.28, -94.50, -536.98
685.28, -94.50, -535.98
685.28, -94.50, -534.98
685.28, -94.50, -533.98
685.28, -94.50, -532.98
685.28, -94.50, -531.98
685.28, -94.50, -530.98
685.28, -94.50, -529.98
685.28, -94.50, -528.98
685.28, -94.50, -527.98
685.28, -94.50, -526.98
685.28, -94.50, -525.98
685.28, -94.50, -524.98
685.28, -94.50, -523.98
685.28, -94.50, -522.98
685.28, -94.50, -521.98
685.28, -94.50, -520.98
685.28, -94.50, -519.98
685.28, -94.50, -518.98
685.28, -94.50, -517.98
685.28, -94.50, -516.98
685.28, -94.50, -515.98
685.28, -94.50, -514.98
685.28, -94.50, -513.98
685.28, -94.50, -512.98
685.28, -94.50, -511.98
685.28, -94.50, -510.98
685.28, -94.50, -509.98
685.28, -94.50, -508.98
685.28, -94.50, -507.98
685.28, -94.50, -506.98
685.28, -94.50, -505.98
685.28, -94.50, -504.98
685.28, -94.50, -503.98
685.28, -94.50, -502.98
685.28, -94.50, -501.98
685.28, -94.50, -500.98
685.28, -94.50, -499.98
685.28, -94.50, -498.98
685.28, -94.50, -497.98
685.28, -94.50, -496.98
685.28, -94.50, -495.98
685.28, -94.50, -494.98
685.28, -93.50, -493.98
685.28, -93.50, -492.98
685.28, -92.50, -491.98
685.28, -92.50, -490.98
685.28, -91.50, -489.98
685.28, -91.50, -488.98
685.28, -90.50, -487.98
685.28, -90.50, -486.98
685.28, -89.50, -485.98
685.28, -89.50, -484.98
685.28, -88.50, -483.98
685.28, -88.50, -482.98
685.28, -87.50, -481.98
685.28, -87.50, -480.98
685.28, -86.50, -479.98
685.28, -86.50, -478.98
685.28, -85.50, -477.98
685.28, -85.50, -476.98
685.28, -84.50, -475.98
685.28, -84.50, -474.98
685.28, -83.50, -473.98
685.28, -82.50, -472.98
685.28, -82.50, -471.98
685.28, -81.50, -470.98
685.28, -80.50, -469.98
685.28, -79.50, -468.98
685.28, -79.50, -467.98
685.28, -78.50, -466.98
685.28, -77.50, -465.98
685.28, -76.50, -464.98
685.28, -76.50, -463.98
685.28, -75.50, -462.98
685.28, -74.50, -461.98
685.28, -73.50, -460.98
685.28, -73.50, -459.98
685.28, -72.50, -458.98
685.28, -71.50, -457.98
685.28, -70.50, -456.98
685.28, -69.50, -455.98
685.28, -68.50, -455.98
685.28, -67.50, -454.98
685.28, -66.50, -453.98
685.28, -65.50, -452.98
685.28, -64.50, -452.98
685.28, -63.50, -451.98
685.28, -62.50, -450.98
685.28, -61.50, -450.98
685.28, -60.50, -449.98
685.28, -59.50, -449.98
685.28, -58.50, -449.98
685.28, -57.50, -448.98
685.28, -56.50, -448.98
685.28, -55.50, -447.98
685.28, -54.50, -447.98
685.28, -53.50, -447.98
685.28, -52.50, -446.98
685.28, -51.50, -446.98
685.28, -50.50, -446.98
685.28, -49.50, -445.98
685.28, -48.50, -445.98
685.28, -47.50, -445.98
685.28, -46.50, -444.98
685.28, -45.50, -444.98
685.28, -44.50, -444.98
685.28, -43.50, -444.98
685.28, -42.50, -443.98
685.28, -41.50, -443.98
685.28, -40.50, -443.98
685.28, -39.50, -442.98
685.28, -38.50, -442.98
685.28, -37.50, -442.98
685.28, -36.50, -441.98
685.28, -35.50, -441.98
685.28, -34.50, -441.98
685.28, -33.50, -441.98
685.28, -32.50, -440.98
685.28, -31.50, -440.98
685.28, -30.50, -440.98
685.28, -29.50, -439.98
685.28, -28.50, -439.98
685.28, -27.50, -439.98
685.28, -26.50, -439.98
685.28, -25.50, -439.98
685.28, -24.50, -439.98
685.28, -23.50, -439.98
685.28, -22.50, -439.98
685.28, -21.50, -439.98
685.28, -20.50, -439.98
685.28, -19.50, -439.98
685.28, -18.50, -439.98
685.28, -17.50, -439.98
685.28, -16.50, -438.98
685.28, -15.50, -438.98
685.28, -14.50, -438.98
685.28, -13.50, -438.98
685.28, -12.50, -438.98
685.28, -11.50, -438.98
685.28, -10.50, -438.98
685.28, -9.50, -438.98
685.28, -8.50, -438.98
685.28, -7.50, -438.98
685.28, -6.50, -438.98
685.28, -5.50, -438.98
685.28, -4.50, -438.98
685.28, -3.50, -438.98
685.28, -2.50, -438.98
685.28, -1.50, -438.98
685.28, -0.50, -438.98
685.28, 0.50, -438.98
685.28, 1.50, -438.98
685.28, 2.50, -438.98
685.28, 3.50, -438.98
685.28, 4.50, -438.98
685.28, 5.50, -438.98
685.28, 6.50, -438.98
685.28, 7.50, -438.98
685.28, 8.50, -438.98
685.28, 9.50, -438.98
685.28, 10.50, -438.98
685.28, 11.50, -438.98
685.28, 12.50, -438.98
685.28, 13.50, -438.98
685.28, 14.50, -438.98
685.28, 15.50, -438.98
685.28, 16.50, -438.98
685.28, 17.50, -438.98
685.28, 18.50, -438.98
685.28, 19.50, -438.98
685.28, 20.50, -438.98
685.28, 21.50, -438.98
685.28, 22.50, -438.98
685.28, 23.50, -438.98
685.28, 24.50, -438.98
685.28, 25.50, -437.98
685.28, 26.50, -437.98
685.28, 27.50, -437.98
685.28, 28.50, -437.98
685.28, 29.50, -437.98
685.28, 30.50, -437.98
685.28, 31.50, -437.98
685.28, 32.50, -437.98
685.28, 33.50, -437.98
685.28, 34.50, -437.98
685.28, 35.50, -437.98
685.28, 36.50, -437.98
685.28, 37.50, -437.98
685.28, 38.50, -437.98
685.28, 39.50, -437.98
685.28, 40.50, -437.98
685.28, 41.50, -437.98
685.28, 42.50, -437.98
685.28, 43.50, -437.98
685.28, 44.50, -437.98
685.28, 45.50, -437.98
685.28, 46.50, -437.98
685.28, 47.50, -437.98
685.28, 48.50, -437.98
685.28, 49.50, -437.98
685.28, 50.50, -437.98
685.28, 51.50, -437.98
685.28, 52.50, -437.98
685.28, 53.50, -437.98
685.28, 54.50, -437.98
685.28, 55.50, -437.98
685.28, 56.50, -437.98
685.28, 57.50, -437.98
685.28, 58.50, -438.98
685.28, 59.50, -438.98
685.28, 60.50, -438.98
685.28, 61.50, -438.98
685.28, 62.50, -439.98
685.28, 63.50, -439.98
685.28, 64.50, -439.98
685.28, 65.50, -439.98
685.28, 66.50, -440.98
685.28, 67.50, -440.98
685.28, 68.50, -440.98
685.28, 69.50, -441.98
685.28, 70.50, -441.98
685.28, 71.50, -442.98
685.28, 72.50, -442.98
685.28, 73.50, -443.98
685.28, 74.50, -443.98
685.28, 75.50, -444.98
685.28, 76.50, -444.98
685.28, 77.50, -444.98
685.28, 78.50, -445.98
685.28, 79.50, -445.98
685.28, 80.50, -445.98
685.28, 81.50, -446.98
685.28, 82.50, -446.98
685.28, 83.50, -447.98
685.28, 84.50, -447.98
685.28, 85.50, -447.98
685.28, 86.50, -448.98
685.28, 87.50, -448.98
685.28, 88.50, -448.98
685.28, 89.50, -449.98
685.28, 90.50, -449.98
685.28, 91.50, -450.98
685.28, 92.50, -450.98
685.28, 93.50, -450.98
685.28, 94.50, -451.98
685.28, 95.50, -451.98
685.28, 96.50, -451.98
685.28, 97.50, -452.98
685.28, 98.50, -452.98
685.28, 99.50, -453.98
685.28, 100.50, -453.98
685.28, 101.50, -453.98
685.28, 102.50, -454.98
685.28, 103.50, -454.98
685.28, 104.50, -455.98
685.28, 105.50, -455.98
685.28, 106.50, -456.98
685.28, 107.50, -457.98
685.28, 108.50, -458.98
685.28, 108.50, -459.98
685.28, 109.50, -460.98
685.28, 110.50, -461.98
685.28, 111.50, -462.98
685.28, 112.50, -463.98
685.28, 113.50, -464.98
685.28, 114.50, -465.98
685.28, 115.50, -466.98
685.28, 116.50, -466.98
685.28, 117.50, -467.98
685.28, 118.50, -468.98
685.28, 119.50, -469.98
685.28, 120.50, -470.98
685.28, 121.50, -471.98
685.28, 122.50, -472.98
685.28, 123.50, -473.98
685.28, 124.50, -474.98
685.28, 124.50, -475.98
685.28, 125.50, -476.98
685.28, 126.50, -477.98
685.28, 126.50, -478.98
685.28, 127.50, -479.98
685.28, 127.50, -480.98
685.28, 127.50, -481.98
685.28, 127.50, -482.98
685.28, 127.50, -483.98
685.28, 127.50, -484.98
685.28, 127.50, -485.98
685.28, 127.50, -486.98
685.28, 127.50, -487.98
685.28, 127.50, -488.98
685.28, 127.50, -489.98
685.28, 127.50, -490.98
685.28, 127.50, -491.98
685.28, 127.50, -492.98
685.28, 127.50, -493.98
685.28, 127.50, -494.98
685.28, 127.50, -495.98
685.28, 127.50, -496.98
685.28, 126.50, -497.98
685.28, 126.50, -498.98
685.28, 126.50, -499.98
685.28, 125.50, -500.98
685.28, 124.50, -501.98
685.28, 124.50, -502.98
685.28, 123.50, -503.98
685.28, 122.50, -504.98
685.28, 121.50, -505.98
685.28, 120.50, -506.98
685.28, 119.50, -507.98
685.28, 119.50, -508.98
685.28, 118.50, -509.98
685.28, 117.50, -510.98
685.28, 116.50, -511.98
685.28, 115.50, -512.98
685.28, 114.50, -513.98
685.28, 113.50, -514.98
685.28, 112.50, -515.98
685.28, 111.50, -516.98
685.28, 110.50, -517.98
685.28, 109.50, -518.98
685.28, 108.50, -519.98
685.28, 107.50, -520.98
685.28, 106.50, -521.98
685.28, 105.50, -522.98
685.28, 104.50, -522.98
685.28, 103.50, -523.98
685.28, 102.50, -523.98
685.28, 101.50, -524.98
685.28, 100.50, -524.98
685.28, 99.50, -525.98
685.28, 98.50, -525.98
685.28, 97.50, -526.98
685.28, 96.50, -527.98
685.28, 95.50, -528.98
685.28, 95.50, -529.98
685.28, 94.50, -530.98
685.28, 93.50, -531.98
685.28, 92.50, -532.98
685.28, 91.50, -533.98
685.28, 90.50, -534.98
685.28, 89.50, -535.98
685.28, 88.50, -536.98
685.28, 87.50, -537.98
685.28, 86.50, -537.98
685.28, 85.50, -538.98
685.28, 84.50, -538.98
685.28, 83.50, -539.98
685.28, 82.50, -539.98
685.28, 81.50, -540.98
685.28, 80.50, -540.98
685.28, 79.50, -541.98
685.28, 78.50, -541.98
685.28, 77.50, -542.98
685.28, 76.50, -542.98
685.28, 75.50, -543.98
685.28, 74.50, -543.98
685.28, 73.50, -544.98
685.28, 72.50, -544.98
685.28, 71.50, -545.98
685.28, 70.50, -545.98
685.28, 69.50, -545.98
685.28, 68.50, -546.98
685.28, 67.50, -546.98
685.28, 66.50, -546.98
685.28, 65.50, -546.98
685.28, 64.50, -546.98
685.28, 63.50, -546.98
685.28, 62.50, -547.98
685.28, 61.50, -547.98
685.28, 60.50, -547.98
685.28, 59.50, -547.98
685.28, 58.50, -547.98
685.28, 57.50, -547.98
685.28, 56.50, -547.98
685.28, 55.50, -547.98
685.28, 54.50, -548.98
685.28, 53.50, -548.98
685.28, 52.50, -548.98
685.28, 51.50, -548.98
685.28, 50.50, -548.98
685.28, 49.50, -548.98
685.28, 48.50, -548.98
685.28, 47.50, -548.98
685.28, 46.50, -548.98
685.28, 45.50, -548.98
685.28, 44.50, -549.98
685.28, 43.50, -549.98
685.28, 42.50, -549.98
685.28, 41.50, -549.98
685.28, 40.50, -549.98
685.28, 39.50, -549.98
685.28, 38.50, -549.98
685.28, 37.50, -549.98
685.28, 36.50, -549.98
685.28, 35.50, -549.98
685.28, 34.50, -549.98
685.28, 33.50, -549.98
685.28, 32.50, -549.98
685.28, 31.50, -549.98
685.28, 30.50, -549.98
685.28, 29.50, -549.98
685.28, 28.50, -549.98
685.28, 27.50, -549.98
685.28, 26.50, -549.98
685.28, 25.50, -549.98
685.28, 24.50, -549.98
685.28, 23.50, -549.98
685.28, 22.50, -549.98
685.28, 21.50, -549.98
685.28, 20.50, -549.98
685.28, 19.50, -549.98
685.28, 18.50, -549.98
685.28, 17.50, -549.98
685.28, 16.50, -549.98
685.28, 15.50, -549.98
685.28, 14.50, -549.98
685.28, 13.50, -548.98
685.28, 12.50, -548.98
685.28, 11.50, -548.98
685.28, 10.50, -548.98
685.28, 9.50, -548.98
685.28, 8.50, -548.98
685.28, 7.50, -547.98
685.28, 6.50, -547.98
685.28, 5.50, -547.98
685.28, 4.50, -547.98
685.28, 3.50, -546.98
685.28, 2.50, -546.98
685.28, 1.50, -545.98
685.28, 0.50, -545.98
685.28, -0.50, -545.98
685.28, -1.50, -544.98
685.28, -2.50, -544.98
685.28, -3.50, -543.98
685.28, -4.50, -543.98
685.28, -5.50, -542.98
685.28, -6.50, -542.98
685.28, -7.50, -541.98
685.28, -8.50, -541.98
685.28, -9.50, -540.98
685.28, -10.50, -540.98
685.28, -11.50, -539.98
685.28, -12.50, -539.98
685.28, -13.50, -539.98
685.28, -14.50, -538.98
685.28, -15.50, -538.98
685.28, -16.50, -537.98
685.28, -17.50, -537.98
685.28, -18.50, -537.98
685.28, -19.50, -536.98
685.28, -20.50, -536.98
685.28, -21.50, -535.98
685.28, -22.50, -535.98
685.28, -23.50, -534.98
685.28, -24.50, -534.98
685.28, -25.50, -533.98
685.28, -26.50, -533.98
685.28, -27.50, -532.98
685.28, -28.50, -531.98
685.28, -29.50, -531.98
685.28, -30.50, -530.98
685.28, -31.50, -530.98
685.28, -32.50, -529.98
685.28, -33.50, -529.98
685.28, -34.50, -528.98
685.28, -35.50, -527.98
685.28, -36.50, -526.98
685.28, -37.50, -526.98
685.28, -38.50, -525.98
685.28, -39.50, -524.98
685.28, -40.50, -523.98
685.28, -41.50, -523.98
685.28, -42.50, -522.98
685.28, -43.50, -521.98
685.28, -44.50, -521.98
685.28, -45.50, -520.98
685.28, -46.50, -520.98
685.28, -47.50, -520.98
685.28, -48.50, -520.98
685.28, -49.50, -520.98
685.28, -50.50, -521.98
685.28, -50.50, -522.98
685.28, -51.50, -523.98
685.28, -51.50, -524.98
685.28, -52.50, -525.98
685.28, -52.50, -526.98
685.28, -52.50, -527.98
685.28, -53.50, -528.98
685.28, -53.50, -529.98
685.28, -54.50, -530.98
685.28, -54.50, -531.98
685.28, -55.50, -532.98
685.28, -55.50, -533.98
685.28, -56.50, -534.98
685.28, -57.50, -535.98
685.28, -57.50, -536.98
685.28, -58.50, -537.98
685.28, -58.50, -538.98
685.28, -59.50, -539.98
685.28, -59.50, -540.98
685.28, -60.50, -541.98
685.28, -60.50, -542.98
685.28, -61.50, -543.98
685.28, -61.50, -544.98
685.28, -62.50, -545.98
685.28, -62.50, -546.98
685.28, -63.50, -547.98
685.28, -63.50, -548.98
685.28, -64.50, -549.98
685.28, -64.50, -550.98
685.28, -64.50, -551.98
685.28, -65.50, -552.98
685.28, -65.50, -553.98
685.28, -66.50, -554.98
685.28, -66.50, -555.98
685.28, -67.50, -556.98
685.28, -67.50, -557.98
685.28, -68.50, -558.98
685.28, -68.50, -559.98
685.28, -68.50, -560.98
685.28, -68.50, -561.98
685.28, -69.50, -562.98
685.28, -69.50, -563.98
685.28, -69.50, -564.98
685.28, -69.50, -565.98
685.28, -70.50, -566.98
685.28, -70.50, -567.98
685.28, -70.50, -568.98
685.28, -70.50, -569.98
685.28, -70.50, -570.98
685.28, -70.50, -571.98
685.28, -70.50, -572.98
685.28, -70.50, -573.98
685.28, -70.50, -574.98
685.28, -70.50, -575.98
685.28, -70.50, -576.98
685.28, -69.50, -577.98
685.28, -68.50, -578.98
685.28, -67.50, -579.98
685.28, -66.50, -580.98
685.28, -66.50, -581.98
685.28, -65.50, -582.98
685.28, -64.50, -583.98
685.28, -63.50, -584.98
685.28, -62.50, -585.98
685.28, -61.50, -586.98
685.28, -60.50, -587.98
685.28, -59.50, -588.98
685.28, -58.50, -589.98
685.28, -57.50, -590.98
685.28, -56.50, -590.98
685.28, -55.50, -591.98
685.28, -54.50, -592.98
685.28, -53.50, -592.98
685.28, -52.50, -593.98
685.28, -51.50, -593.98
685.28, -50.50, -594.98
685.28, -49.50, -595.98
685.28, -48.50, -595.98
685.28, -47.50, -596.98
685.28, -46.50, -597.98
685.28, -45.50, -598.98
685.28, -44.50, -599.98
685.28, -43.50, -599.98
685.28, -42.50, -600.98
685.28, -41.50, -601.98
685.28, -40.50, -602.98
685.28, -39.50, -603.98
685.28, -38.50, -603.98
685.28, -37.50, -604.98
685.28, -36.50, -605.98
685.28, -35.50, -605.98
685.28, -34.50, -606.98
685.28, -33.50, -607.98
685.28, -32.50, -608.98
685.28, -31.50, -608.98
685.28, -30.50, -609.98
685.28, -29.50, -609.98
685.28, -28.50, -610.98
685.28, -27.50, -610.98
685.28, -26.50, -611.98
685.28, -25.50, -611.98
685.28, -24.50, -612.98
685.28, -23.50, -612.98
685.28, -22.50, -613.98
685.28, -21.50, -613.98
685.28, -20.50, -614.98
685.28, -19.50, -614.98
685.28, -18.50, -615.98
685.28, -17.50, -615.98
685.28, -16.50, -616.98
685.28, -15.50, -616.98
685.28, -14.50, -616.98
685.28, -13.50, -616.98
685.28, -12.50, -616.98
685.28, -11.50, -616.98
685.28, -10.50, -616.98
685.28, -9.50, -616.98
685.28, -8.50, -616.98
685.28, -7.50, -616.98
685.28, -6.50, -616.98
685.28, -5.50, -616.98
685.28, -4.50, -616.98
685.28, -3.50, -616.98
685.28, -2.50, -616.98
685.28, -1.50, -616.98
685.28, -0.50, -616.98
685.28, 0.50, -616.98
685.28, 1.50, -616.98
685.28, 2.50, -616.98
685.28, 3.50, -616.98
685.28, 4.50, -616.98
685.28, 5.50, -616.98
685.28, 6.50, -616.98
685.28, 7.50, -616.98
685.28, 8.50, -616.98
685.28, 9.50, -616.98
685.28, 10.50, -616.98
685.28, 11.50, -616.98
685.28, 12.50, -616.98
685.28, 13.50, -616.98
685.28, 14.50, -616.98
685.28, 15.50, -615.98
685.28, 16.50, -614.98
685.28, 17.50, -614.98
685.28, 18.50, -613.98
685.28, 19.50, -612.98
685.28, 20.50, -611.98
685.28, 21.50, -610.98
685.28, 22.50, -609.98
685.28, 23.50, -608.98
685.28, 24.50, -607.98
685.28, 25.50, -606.98
685.28, 26.50, -605.98
685.28, 27.50, -604.98
685.28, 28.50, -603.98
685.28, 29.50, -602.98
685.28, 30.50, -601.98
685.28, 31.50, -600.98
685.28, 32.50, -599.98
685.28, 33.50, -598.98
685.28, 34.50, -597.98
685.28, 34.50, -596.98
685.28, 35.50, -595.98
685.28, 36.50, -594.98
685.28, 37.50, -593.98
685.28, 37.50, -592.98
685.28, 38.50, -591.98
685.28, 39.50, -590.98
685.28, 39.50, -589.98
685.28, 40.50, -588.98
685.28, 40.50, -587.98
685.28, 41.50, -586.98
685.28, 41.50, -585.98
685.28, 42.50, -584.98
685.28, 42.50, -583.98
685.28, 43.50, -582.98
685.28, 43.50, -581.98
685.28, 44.50, -580.98
685.28, 44.50, -579.98
685.28, 45.50, -578.98
685.28, 45.50, -577.98
685.28, 46.50, -576.98
685.28, 46.50, -575.98
685.28, 47.50, -574.98
685.28, 47.50, -573.98
685.28, 47.50, -572.98
685.28, 48.50, -571.98
685.28, 48.50, -570.98
685.28, 49.50, -569.98
685.28, 49.50, -568.98
685.28, 49.50, -567.98
685.28, 50.50, -566.98
685.28, 50.50, -565.98
685.28, 51.50, -564.98
685.28, 51.50, -563.98
685.28, 51.50, -562.98
685.28, 52.50, -561.98
685.28, 52.50, -560.98
685.28, 53.50, -559.98
685.28, 53.50, -558.98
685.28, 53.50, -557.98
685.28, 54.50, -556.98
685.28, 54.50, -555.98
685.28, 55.50, -554.98
685.28, 55.50, -553.98
685.28, 55.50, -552.98
685.28, 56.50, -551.98
685.28, 56.50, -550.98
685.28, 56.50, -549.98
685.28, 56.50, -548.98
685.28, 57.50, -547.98
685.28, 57.50, -546.98
685.28, 57.50, -545.98
685.28, 57.50, -544.98
685.28, 58.50, -543.98
685.28, 58.50, -542.98
685.28, 58.50, -541.98
685.28, 58.50, -540.98
685.28, 59.50, -539.98
685.28, 59.50, -538.98
685.28, 59.50, -537.98
685.28, 59.50, -536.98
685.28, 60.50, -535.98
685.28, 60.50, -534.98
685.28, 60.50, -533.98
685.28, 60.50, -532.98
685.28, 61.50, -531.98
685.28, 61.50, -530.98
685.28, 61.50, -529.98
685.28, 61.50, -528.98
685.28, 61.50, -527.98
685.28, 61.50, -526.98
685.28, 62.50, -525.98
685.28, 62.50, -524.98
685.28, 62.50, -523.98
685.28, 62.50, -522.98
685.28, 62.50, -521.98
685.28, 62.50, -520.98
685.28, 62.50, -519.98
685.28, 62.50, -518.98
685.28, 62.50, -517.98
685.28, 62.50, -516.98
685.28, 63.50, -515.98
685.28, 63.50, -514.98
685.28, 63.50, -513.98
685.28, 63.50, -512.98
685.28, 63.50, -511.98
685.28, 63.50, -510.98
685.28, 63.50, -509.98
685.28, 63.50, -508.98
685.28, 63.50, -507.98
685.28, 63.50, -506.98
685.28, 63.50, -505.98
685.28, 63.50, -504.98
685.28, 63.50, -503.98
685.28, 63.50, -502.98
685.28, 63.50, -501.98
685.28, 63.50, -500.98
685.28, 63.50, -499.98
685.28, 63.50, -498.98
685.28, 63.50, -497.98
685.28, 63.50, -496.98
685.28, 63.50, -495.98
685.28, 63.50, -494.98
685.28, 63.50, -493.98
685.28, 63.50, -492.98
685.28, 62.50, -491.98
685.28, 62.50, -490.98
685.28, 61.50, -489.98
685.28, 60.50, -488.98
685.28, 59.50, -487.98
685.28, 59.50, -486.98
685.28, 58.50, -485.98
685.28, 57.50, -484.98
685.28, 56.50, -483.98
685.28, 55.50, -482.98
685.28, 54.50, -481.98
685.28, 53.50, -480.98
685.28, 52.50, -479.98
685.28, 51.50, -479.98
685.28, 50.50, -478.98
685.28, 49.50, -477.98
685.28, 48.50, -476.98
685.28, 47.50, -475.98
685.28, 46.50, -474.98
685.28, 45.50, -473.98
685.28, 44.50, -473.98
685.28, 43.50, -472.98
685.28, 42.50, -471.98
685.28, 41.50, -470.98
685.28, 40.50, -470.98
685.28, 39.50, -469.98
685.28, 38.50, -468.98
685.28, 37.50, -467.98
685.28, 36.50, -467.98
685.28, 35.50, -466.98
685.28, 34.50, -465.98
685.28, 33.50, -465.98
685.28, 32.50, -464.98
685.28, 31.50, -463.98
685.28, 30.50, -462.98
685.28, 29.50, -462.98
685.28, 28.50, -461.98
685.28, 27.50, -461.98
685.28, 26.50, -460.98
685.28, 25.50, -460.98
685.28, 24.50, -459.98
685.28, 23.50, -459.98
685.28, 22.50, -458.98
685.28, 21.50, -458.98
685.28, 20.50, -457.98
685.28, 19.50, -457.98
685.28, 18.50, -456.98
685.28, 17.50, -456.98
685.28, 16.50, -455.98
685.28, 15.50, -455.98
685.28, 14.50, -454.98
685.28, 13.50, -454.98
685.28, 12.50, -453.98
685.28, 11.50, -453.98
685.28, 10.50, -452.98
685.28, 9.50, -451.98
685.28, 8.50, -451.98
685.28, 7.50, -450.98
685.28, 6.50, -450.98
685.28, 5.50, -449.98
685.28, 4.50, -449.98
685.28, 3.50, -448.98
685.28, 2.50, -448.98
685.28, 1.50, -447.98
685.28, 0.50, -447.98
685.28, -0.50, -446.98
685.28, -1.50, -446.98
685.28, -2.50, -445.98
685.28, -3.50, -445.98
685.28, -4.50, -444.98
685.28, -5.50, -444.98
685.28, -6.50, -444.98
685.28, -7.50, -443.98
685.28, -8.50, -443.98
685.28, -9.50, -443.98
685.28, -10.50, -443.98
685.28, -11.50, -443.98
685.28, -12.50, -443.98
685.28, -13.50, -442.98
685.28, -14.50, -442.98
685.28, -15.50, -442.98
685.28, -16.50, -442.98
685.28, -17.50, -442.98
685.28, -18.50, -442.98
685.28, -19.50, -442.98
685.28, -20.50, -442.98
685.28, -21.50, -442.98
685.28, -22.50, -441.98
685.28, -23.50, -441.98
685.28, -24.50, -441.98
685.28, -25.50, -441.98
685.28, -26.50, -441.98
685.28, -27.50, -441.98
685.28, -28.50, -441.98
685.28, -29.50, -441.98
685.28, -30.50, -441.98
685.28, -31.50, -441.98
685.28, -32.50, -441.98
685.28, -33.50, -441.98
685.28, -34.50, -441.98
685.28, -35.50, -441.98
685.28, -36.50, -441.98
685.28, -37.50, -441.98
685.28, -38.50, -441.98
685.28, -39.50, -441.98
685.28, -40.50, -441.98
685.28, -41.50, -441.98
685.28, -42.50, -441.98
685.28, -43.50, -440.98
685.28, -44.50, -440.98
685.28, -45.50, -440.98
685.28, -46.50, -440.98
685.28, -47.50, -440.98
685.28, -48.50, -440.98
685.28, -49.50, -440.98
685.28, -50.50, -439.98
685.28, -51.50, -438.98
685.28, -52.50, -437.98
685.28, -52.50, -436.98
685.28, -53.50, -435.98
685.28, -53.50, -434.98
685.28, -53.50, -433.98
685.28, -53.50, -432.98
685.28, -53.50, -431.98
685.28, -53.50, -430.98
685.28, -53.50, -429.98
685.28, -53.50, -428.98
685.28, -53.50, -427.98
685.28, -53.50, -426.98
685.28, -53.50, -425.98
685.28, -53.50, -424.98
685.28, -53.50, -423.98
685.28, -53.50, -422.98
685.28, -53.50, -421.98
685.28, -53.50, -420.98
685.28, -53.50, -419.98
685.28, -53.50, -418.98
685.28, -53.50, -417.98
685.28, -53.50, -416.98
685.28, -53.50, -415.98
685.28, -53.50, -414.98
685.28, -53.50, -413.98
685.28, -53.50, -412.98
685.28, -53.50, -411.98
685.28, -53.50, -410.98
685.28, -53.50, -409.98
685.28, -53.50, -408.98
685.28, -53.50, -407.98
685.28, -53.50, -406.98
685.28, -53.50, -405.98
685.28, -53.50, -404.98
685.28, -53.50, -403.98
685.28, -53.50, -402.98
685.28, -53.50, -401.98
685.28, -53.50, -400.98
685.28, -53.50, -399.98
685.28, -53.50, -398.98
685.28, -53.50, -397.98
685.28, -53.50, -396.98
685.28, -53.50, -395.98
685.28, -53.50, -394.98
685.28, -53.50, -393.98
685.28, -53.50, -392.98
685.28, -53.50, -391.98
685.28, -53.50, -390.98
685.28, -53.50, -389.98
685.28, -53.50, -388.98
685.28, -53.50, -387.98
685.28, -52.50, -386.98
685.28, -52.50, -385.98
685.28, -52.50, -384.98
685.28, -52.50, -383.98
685.28, -51.50, -382.98
685.28, -51.50, -381.98
685.28, -50.50, -380.98
685.28, -50.50, -379.98
685.28, -49.50, -378.98
685.28, -49.50, -377.98
685.28, -48.50, -376.98
685.28, -48.50, -375.98
685.28, -47.50, -374.98
685.28, -47.50, -373.98
685.28, -46.50, -372.98
685.28, -46.50, -371.98
685.28, -45.50, -370.98
685.28, -44.50, -369.98
685.28, -43.50, -368.98
685.28, -42.50, -368.98
685.28, -41.50, -367.98
685.28, -40.50, -366.98
685.28, -39.50, -366.98
685.28, -38.50, -365.98
685.28, -37.50, -365.98
685.28, -36.50, -365.98
685.28, -35.50, -364.98
685.28, -34.50, -364.98
685.28, -33.50, -364.98
685.28, -32.50, -364.98
685.28, -31.50, -364.98
685.28, -30.50, -364.98
685.28, -29.50, -364.98
685.28, -28.50, -364.98
685.28, -27.50, -364.98
685.28, -26.50, -364.98
685.28, -25.50, -364.98
685.28, -24.50, -364.98
685.28, -23.50, -364.98
685.28, -22.50, -364.98
685.28, -21.50, -364.98
685.28, -20.50, -364.98
685.28, -19.50, -364.98
685.28, -18.50, -364.98
685.28, -17.50, -363.98
685.28, -16.50, -363.98
685.28, -15.50, -363.98
685.28, -14.50, -363.98
685.28, -13.50, -363.98
685.28, -12.50, -363.98
685.28, -11.50, -363.98
685.28, -10.50, -363.98
685.28, -9.50, -363.98
685.28, -8.50, -364.98
685.28, -7.50, -364.98
685.28, -6.50, -364.98
685.28, -5.50, -364.98
685.28, -4.50, -364.98
685.28, -3.50, -364.98
685.28, -2.50, -364.98
685.28, -1.50, -364.98
685.28, -0.50, -364.98
685.28, 0.50, -365.98
685.28, 1.50, -365.98
685.28, 2.50, -365.98
685.28, 3.50, -365.98
685.28, 4.50, -365.98
685.28, 5.50, -365.98
685.28, 6.50, -365.98
685.28, 7.50, -366.98
685.28, 8.50, -366.98
685.28, 9.50, -366.98
685.28, 10.50, -367.98
685.28, 11.50, -367.98
685.28, 12.50, -367.98
685.28, 13.50, -367.98
685.28, 14.50, -367.98
685.28, 15.50, -367.98
685.28, 16.50, -367.98
685.28, 17.50, -367.98
685.28, 18.50, -368.98
685.28, 19.50, -368.98
685.28, 20.50, -368.98
685.28, 21.50, -368.98
685.28, 22.50, -369.98
685.28, 23.50, -369.98
685.28, 24.50, -369.98
685.28, 25.50, -370.98
685.28, 26.50, -370.98
685.28, 27.50, -370.98
685.28, 28.50, -370.98
685.28, 29.50, -370.98
685.28, 30.50, -371.98
685.28, 31.50, -371.98
685.28, 32.50, -371.98
685.28, 33.50, -371.98
685.28, 34.50, -371.98
685.28, 35.50, -371.98
685.28, 36.50, -372.98
685.28, 37.50, -372.98
685.28, 38.50, -372.98
685.28, 39.50, -372.98
685.28, 40.50, -373.98
685.28, 41.50, -373.98
685.28, 42.50, -374.98
685.28, 43.50, -374.98
685.28, 44.50, -374.98
685.28, 45.50, -375.98
685.28, 46.50, -375.98
685.28, 47.50, -376.98
685.28, 48.50, -376.98
685.28, 49.50, -376.98
685.28, 50.50, -377.98
685.28, 51.50, -377.98
685.28, 52.50, -377.98
685.28, 53.50, -378.98
685.28, 54.50, -378.98
685.28, 55.50, -379.98
685.28, 56.50, -379.98
685.28, 57.50, -379.98
685.28, 58.50, -380.98
685.28, 59.50, -380.98
685.28, 60.50, -381.98
685.28, 61.50, -381.98
685.28, 62.50, -382.98
685.28, 63.50, -382.98
685.28, 64.50, -383.98
685.28, 65.50, -383.98
685.28, 66.50, -384.98
685.28, 67.50, -384.98
685.28, 68.50, -385.98
685.28, 69.50, -386.98
685.28, 69.50, -387.98
685.28, 70.50, -388.98
685.28, 71.50, -389.98
685.28, 72.50, -389.98
685.28, 73.50, -390.98
685.28, 73.50, -391.98
685.28, 74.50, -392.98
685.28, 75.50, -393.98
685.28, 76.50, -394.98
685.28, 76.50, -395.98
685.28, 76.50, -396.98
685.28, 76.50, -397.98
685.28, 76.50, -398.98
685.28, 75.50, -399.98
685.28, 74.50, -400.98
685.28, 73.50, -401.98
685.28, 72.50, -402.98
685.28, 71.50, -402.98
685.28, 70.50, -403.98
685.28, 69.50, -403.98
685.28, 68.50, -404.98
685.28, 67.50, -404.98
685.28, 66.50, -405.98
685.28, 65.50, -405.98
685.28, 64.50, -406.98
685.28, 63.50, -406.98
685.28, 62.50, -407.98
685.28, 61.50, -407.98
685.28, 60.50, -407.98
685.28, 59.50, -407.98
685.28, 58.50, -407.98
685.28, 57.50, -408.98
685.28, 56.50, -408.98
685.28, 55.50, -408.98
685.28, 54.50, -408.98
685.28, 53.50, -408.98
685.28, 52.50, -408.98
685.28, 51.50, -409.98
685.28, 50.50, -409.98
685.28, 49.50, -410.98
685.28, 48.50, -410.98
685.28, 47.50, -411.98
685.28, 46.50, -411.98
685.28, 45.50, -412.98
685.28, 44.50, -412.98
685.28, 43.50, -412.98
685.28, 42.50, -412.98
685.28, 41.50, -413.98
685.28, 40.50, -413.98
685.28, 39.50, -413.98
685.28, 38.50, -413.98
685.28, 37.50, -414.98
685.28, 36.50, -414.98
685.28, 35.50, -414.98
685.28, 34.50, -414.98
685.28, 33.50, -414.98
685.28, 32.50, -414.98
685.28, 31.50, -414.98
685.28, 30.50, -414.98
685.28, 29.50, -414.98
685.28, 28.50, -414.98
685.28, 27.50, -414.98
685.28, 26.50, -414.98
685.28, 25.50, -414.98
685.28, 24.50, -414.98
685.28, 23.50, -414.98
685.28, 22.50, -414.98
685.28, 21.50, -414.98
685.28, 20.50, -414.98
685.28, 19.50, -414.98
685.28, 18.50, -414.98
685.28, 17.50, -414.98
685.28, 16.50, -414.98
685.28, 15.50, -414.98
685.28, 14.50, -414.98
685.28, 13.50, -414.98
685.28, 12.50, -414.98
685.28, 11.50, -414.98
685.28, 10.50, -414.98
685.28, 9.50, -414.98
685.28, 8.50, -414.98
685.28, 7.50, -414.98
685.28, 6.50, -414.98
685.28, 5.50, -414.98
685.28, 4.50, -414.98
685.28, 3.50, -413.98
685.28, 2.50, -413.98
685.28, 1.50, -413.98
685.28, 0.50, -413.98
685.28, -0.50, -413.98
685.28, -1.50, -413.98
685.28, -2.50, -412.98
685.28, -3.50, -412.98
685.28, -4.50, -412.98
685.28, -5.50, -412.98
685.28, -6.50, -412.98
685.28, -7.50, -411.98
685.28, -8.50, -411.98
685.28, -9.50, -411.98
685.28, -10.50, -410.98
685.28, -11.50, -410.98
685.28, -12.50, -410.98
685.28, -13.50, -410.98
685.28, -14.50, -409.98
685.28, -15.50, -409.98
685.28, -16.50, -408.98
685.28, -17.50, -408.98
685.28, -18.50, -407.98
685.28, -19.50, -407.98
