# Trayectoria exportada desde trazador.py (pierna izquierda, sistema de las pestañas de IK: X hacia abajo, Y adelante, Z lateral, mm)
# x_papel=685.28 centro=(0, -489.48) papel=255x255 escala=1 levantar=20 espejo=False
# ley_temporal metodo=quintico v=20 a=100 esquinas=si
685.28, 81.50, -609.98
685.28, 80.50, -609.98
685.28, 79.50, -609.98
685.28, 78.50, -609.98
685.28, 77.50, -609.98
685.28, 76.50, -609.98
685.28, 75.50, -609.98
685.28, 74.50, -609.98
685.28, 73.50, -609.98
685.28, 72.50, -609.98
685.28, 71.50, -609.98
685.28, 70.50, -609.98
685.28, 69.50, -609.98
685.28, 68.50, -609.98
685.28, 67.50, -609.98
685.28, 66.50, -609.98
685.28, 65.50, -609.98
685.28, 64.50, -609.98
685.28, 63.50, -609.98
685.28, 62.50, -609.98
685.28, 61.50, -609.98
685.28, 60.50, -609.98
685.28, 59.50, -609.98
685.28, 58.50, -609.98
685.28, 57.50, -609.98
685.28, 56.50, -609.98
685.28, 55.50, -609.98
685.28, 54.50, -609.98
685.28, 53.50, -609.98
685.28, 52.50, -609.98
685.28, 51.50, -609.98
685.28, 50.50, -609.98
685.28, 49.50, -609.98
685.28, 48.50, -609.98
685.28, 47.50, -609.98
685.28, 46.50, -609.98
685.28, 45.50, -609.98
685.28, 44.50, -609.98
685.28, 43.50, -609.98
685.28, 42.50, -609.98
685.28, 41.50, -609.98
685.28, 40.50, -608.98
685.28, 39.50, -608.98
685.28, 38.50, -608.98
685.28, 37.50, -608.98
685.28, 36.50, -607.98
685.28, 35.50, -607.98
685.28, 34.50, -607.98
685.28, 33.50, -607.98
685.28, 32.50, -607.98
685.28, 31.50, -607.98
685.28, 30.50, -607.98
685.28, 29.50, -607.98
685.28, 28.50, -607.98
685.28, 27.50, -607.98
685.28, 26.50, -607.98
685.28, 25.50, -607.98
685.28, 24.50, -607.98
685.28, 23.50, -607.98
685.28, 22.50, -606.98
685.28, 21.50, -606.98
685.28, 20.50, -606.98
685.28, 19.50, -606.98
685.28, 18.50, -606.98
685.28, 17.50, -606.98
685.28, 16.50, -606.98
685.28, 15.50, -606.98
685.28, 14.50, -606.98
685.28, 13.50, -607.98
685.28, 12.50, -607.98
685.28, 11.50, -607.98
685.28, 10.50, -607.98
685.28, 9.50, -607.98
685.28, 8.50, -607.98
685.28, 7.50, -607.98
685.28, 6.50, -607.98
685.28, 5.50, -607.98
685.28, 4.50, -607.98
685.28, 3.50, -607.98
685.28, 2.50, -606.98
685.28, 1.50, -606.98
685.28, 0.50, -606.98
685.28, -0.50, -605.98
685.28, -1.50, -604.98
685.28, -2.50, -604.98
685.28, -3.50, -603.98
685.28, -4.50, -602.98
685.28, -5.50, -601.98
685.28, -6.50, -601.98
685.28, -7.50, -600.98
685.28, -8.50, -600.98
685.28, -9.50, -599.98
685.28, -10.50, -599.98
685.28, -11.50, -598.98
685.28, -12.50, -598.98
685.28, -13.50, -597.98
685.28, -14.50, -597.98
685.28, -15.50, -596.98
685.28, -16.50, -596.98
685.28, -17.50, -595.98
685.28, -18.50, -595.98
685.28, -19.50, -594.98
685.28, -20.50, -593.98
685.28, -21.50, -592.98
685.28, -22.50, -592.98
685.28, -23.50, -592.98
685.28, -24.50, -591.98
685.28, -25.50, -590.98
685.28, -26.50, -589.98
685.28, -27.50, -588.98
685.28, -28.50, -587.98
685.28, -28.50, -586.98
685.28, -29.50, -585.98
685.28, -30.50, -584.98
685.28, -30.50, -583.98
685.28, -31.50, -582.98
685.28, -31.50, -581.98
685.28, -32.50, -580.98
685.28, -33.50, -579.98
685.28, -33.50, -578.98
685.28, -33.50, -577.98
685.28, -33.50, -576.98
685.28, -33.50, -575.98
685.28, -33.50, -574.98
685.28, -33.50, -573.98
685.28, -33.50, -572.98
685.28, -34.50, -571.98
685.28, -34.50, -570.98
685.28, -35.50, -569.98
685.28, -35.50, -568.98
685.28, -35.50, -567.98
685.28, -35.50, -566.98
685.28, -35.50, -565.98
685.28, -35.50, -564.98
685.28, -35.50, -563.98
685.28, -35.50, -562.98
685.28, -35.50, -561.98
685.28, -35.50, -560.98
685.28, -35.50, -559.98
685.28, -35.50, -558.98
685.28, -35.50, -557.98
685.28, -35.50, -556.98
685.28, -35.50, -555.98
685.28, -34.50, -554.98
685.28, -34.50, -553.98
685.28, -34.50, -552.98
685.28, -33.50, -551.98
685.28, -33.50, -550.98
685.28, -33.50, -549.98
685.28, -32.50, -548.98
685.28, -31.50, -547.98
685.28, -30.50, -547.98
685.28, -29.50, -546.98
685.28, -28.50, -545.98
685.28, -27.50, -545.98
685.28, -26.50, -544.98
685.28, -25.50, -544.98
685.28, -24.50, -544.98
685.28, -23.50, -544.98
685.28, -22.50, -543.98
685.28, -21.50, -543.98
685.28, -20.50, -543.98
685.28, -19.50, -543.98
685.28, -18.50, -542.98
685.28, -17.50, -542.98
685.28, -16.50, -542.98
685.28, -15.50, -542.98
685.28, -14.50, -542.98
685.28, -13.50, -542.98
685.28, -12.50, -542.98
685.28, -11.50, -542.98
685.28, -10.50, -542.98
685.28, -9.50, -542.98
685.28, -8.50, -542.98
685.28, -7.50, -542.98
685.28, -6.50, -542.98
685.28, -5.50, -542.98
685.28, -4.50, -542.98
685.28, -3.50, -542.98
685.28, -2.50, -542.98
685.28, -1.50, -542.98
685.28, -0.50, -542.98
685.28, 0.50, -542.98
685.28, 1.50, -542.98
685.28, 2.50, -542.98
685.28, 3.50, -542.98
685.28, 4.50, -542.98
685.28, 5.50, -542.98
685.28, 6.50, -542.98
685.28, 7.50, -542.98
685.28, 8.50, -543.98
685.28, 9.50, -543.98
685.28, 10.50, -543.98
685.28, 11.50, -543.98
685.28, 12.50, -543.98
685.28, 13.50, -543.98
685.28, 14.50, -543.98
685.28, 15.50, -544.98
685.28, 16.50, -544.98
685.28, 17.50, -544.98
685.28, 18.50, -544.98
685.28, 19.50, -544.98
685.28, 20.50, -544.98
685.28, 21.50, -544.98
685.28, 22.50, -544.98
685.28, 23.50, -544.98
685.28, 24.50, -544.98
685.28, 25.50, -544.98
685.28, 26.50, -544.98
685.28, 27.50, -544.98
685.28, 28.50, -544.98
685.28, 29.50, -544.98
685.28, 30.50, -544.98
685.28, 31.50, -544.98
685.28, 32.50, -544.98
685.28, 33.50, -544.98
685.28, 34.50, -544.98
685.28, 35.50, -544.98
685.28, 36.50, -544.98
685.28, 37.50, -544.98
685.28, 38.50, -544.98
685.28, 39.50, -544.98
685.28, 40.50, -544.98
685.28, 41.50, -544.98
685.28, 42.50, -544.98
685.28, 43.50, -544.98
685.28, 44.50, -544.98
685.28, 45.50, -544.98
685.28, 46.50, -544.98
685.28, 47.50, -544.98
685.28, 48.50, -544.98
685.28, 49.50, -544.98
685.28, 50.50, -544.98
685.28, 51.50, -544.98
685.28, 52.50, -544.98
685.28, 53.50, -544.98
685.28, 54.50, -544.98
685.28, 55.50, -544.98
685.28, 56.50, -544.98
685.28, 57.50, -544.98
685.28, 58.50, -544.98
685.28, 59.50, -544.98
685.28, 60.50, -544.98
685.28, 61.50, -544.98
685.28, 62.50, -544.98
685.28, 63.50, -544.98
685.28, 64.50, -544.98
685.28, 65.50, -544.98
685.28, 66.50, -544.98
685.28, 67.50, -544.98
685.28, 68.50, -544.98
685.28, 69.50, -544.98
685.28, 70.50, -544.98
685.28, 71.50, -544.98
685.28, 72.50, -544.98
685.28, 73.50, -544.98
685.28, 74.50, -544.98
685.28, 75.50, -544.98
685.28, 76.50, -544.98
685.28, 77.50, -544.98
685.28, 78.50, -544.98
685.28, 79.50, -544.98
685.28, 80.50, -544.98
685.28, 81.50, -544.98
685.28, 82.50, -544.98
685.28, 83.50, -544.98
685.28, 84.50, -544.98
685.28, 85.50, -544.98
685.28, 86.50, -544.98
685.28, 87.50, -544.98
685.28, 88.50, -544.98
685.28, 89.50, -544.98
685.28, 90.50, -544.98
685.28, 91.50, -544.98
685.28, 92.50, -544.98
685.28, 93.50, -544.98
685.28, 94.50, -544.98
685.28, 95.50, -544.98
685.08, 95.50, -544.98
684.88, 95.50, -544.98
684.68, 95.50, -544.98
684.48, 95.50, -544.98
684.28, 95.50, -544.98
684.08, 95.50, -544.98
683.88, 95.50, -544.98
683.68, 95.50, -544.98
683.48, 95.50, -544.98
683.28, 95.50, -544.98
683.08, 95.50, -544.98
682.88, 95.50, -544.98
682.68, 95.50, -544.98
682.48, 95.50, -544.98
682.28, 95.50, -544.98
682.08, 95.50, -544.98
681.88, 95.50, -544.98
681.68, 95.50, -544.98
681.48, 95.50, -544.98
681.28, 95.50, -544.98
681.08, 95.50, -544.98
680.88, 95.50, -544.98
680.68, 95.50, -544.98
680.48, 95.50, -544.98
680.28, 95.50, -544.98
680.08, 95.50, -544.98
679.88, 95.50, -544.98
679.68, 95.50, -544.98
679.48, 95.50, -544.98
679.28, 95.50, -544.98
679.08, 95.50, -544.98
678.88, 95.50, -544.98
678.68, 95.50, -544.98
678.48, 95.50, -544.98
678.28, 95.50, -544.98
678.08, 95.50, -544.98
677.88, 95.50, -544.98
677.68, 95.50, -544.98
677.48, 95.50, -544.98
677.28, 95.50, -544.98
677.08, 95.50, -544.98
676.88, 95.50, -544.98
676.68, 95.50, -544.98
676.48, 95.50, -544.98
676.28, 95.50, -544.98
676.08, 95.50, -544.98
675.88, 95.50, -544.98
675.68, 95.50, -544.98
675.48, 95.50, -544.98
675.28, 95.50, -544.98
675.08, 95.50, -544.98
674.88, 95.50, -544.98
674.68, 95.50, -544.98
674.48, 95.50, -544.98
674.28, 95.50, -544.98
674.08, 95.50, -544.98
673.88, 95.50, -544.98
673.68, 95.50, -544.98
673.48, 95.50, -544.98
673.28, 95.50, -544.98
673.08, 95.50, -544.98
672.88, 95.50, -544.98
672.68, 95.50, -544.98
672.48, 95.50, -544.98
672.28, 95.50, -544.98
672.08, 95.50, -544.98
671.88, 95.50, -544.98
671.68, 95.50, -544.98
671.48, 95.50, -544.98
671.28, 95.50, -544.98
671.08, 95.50, -544.98
670.88, 95.50, -544.98
670.68, 95.50, -544.98
670.48, 95.50, -544.98
670.28, 95.50, -544.98
670.08, 95.50, -544.98
669.88, 95.50, -544.98
669.68, 95.50, -544.98
669.48, 95.50, -544.98
669.28, 95.50, -544.98
669.08, 95.50, -544.98
668.88, 95.50, -544.98
668.68, 95.50, -544.98
668.48, 95.50, -544.98
668.28, 95.50, -544.98
668.08, 95.50, -544.98
667.88, 95.50, -544.98
667.68, 95.50, -544.98
667.48, 95.50, -544.98
667.28, 95.50, -544.98
667.08, 95.50, -544.98
666.88, 95.50, -544.98
666.68, 95.50, -544.98
666.48, 95.50, -544.98
666.28, 95.50, -544.98
666.08, 95.50, -544.98
665.88, 95.50, -544.98
665.68, 95.50, -544.98
665.48, 95.50, -544.98
665.28, 95.50, -544.98
665.28, 94.50, -544.98
665.28, 93.50, -544.98
665.28, 92.50, -544.98
665.28, 91.50, -544.98
665.28, 90.50, -544.98
665.28, 89.50, -544.98
665.28, 88.50, -544.98
665.28, 87.50, -544.98
665.28, 86.50, -543.98
665.28, 85.50, -543.98
665.28, 84.50, -543.98
665.28, 83.50, -543.98
665.28, 82.50, -543.98
665.28, 81.50, -543.98
665.28, 80.50, -543.98
665.28, 79.50, -543.98
665.28, 78.50, -543.98
665.28, 77.50, -543.98
665.28, 76.50, -543.98
665.28, 75.50, -543.98
665.28, 74.50, -543.98
665.28, 73.50, -543.98
665.28, 72.50, -543.98
665.28, 71.50, -543.98
665.28, 70.50, -542.98
665.28, 69.50, -542.98
665.28, 68.50, -542.98
665.28, 67.50, -542.98
665.28, 66.50, -542.98
665.28, 65.50, -542.98
665.28, 64.50, -542.98
665.28, 63.50, -542.98
665.28, 62.50, -542.98
665.28, 61.50, -542.98
665.28, 60.50, -542.98
665.28, 59.50, -542.98
665.28, 58.50, -542.98
665.28, 57.50, -542.98
665.28, 56.50, -542.98
665.28, 55.50, -542.98
665.28, 54.50, -541.98
665.28, 53.50, -541.98
665.28, 52.50, -541.98
665.28, 51.50, -541.98
665.28, 50.50, -541.98
665.28, 49.50, -541.98
665.28, 48.50, -541.98
665.28, 47.50, -541.98
665.28, 46.50, -541.98
665.28, 45.50, -541.98
665.28, 44.50, -541.98
665.28, 43.50, -541.98
665.28, 42.50, -541.98
665.28, 41.50, -541.98
665.28, 40.50, -541.98
665.28, 39.50, -541.98
665.28, 38.50, -540.98
665.28, 37.50, -540.98
665.28, 36.50, -540.98
665.28, 35.50, -540.98
665.28, 34.50, -540.98
665.28, 33.50, -540.98
665.28, 32.50, -540.98
665.28, 31.50, -540.98
665.28, 30.50, -540.98
665.28, 29.50, -540.98
665.28, 28.50, -540.98
665.28, 27.50, -540.98
665.28, 26.50, -540.98
665.28, 25.50, -540.98
665.28, 24.50, -540.98
665.28, 23.50, -540.98
665.28, 22.50, -539.98
665.28, 21.50, -539.98
665.28, 20.50, -539.98
665.28, 19.50, -539.98
665.28, 18.50, -539.98
665.28, 17.50, -539.98
665.28, 16.50, -539.98
665.28, 15.50, -539.98
665.28, 14.50, -539.98
665.28, 13.50, -539.98
665.28, 12.50, -539.98
665.28, 11.50, -539.98
665.28, 10.50, -539.98
665.28, 9.50, -539.98
665.28, 8.50, -539.98
665.28, 7.50, -539.98
665.28, 6.50, -538.98
665.28, 5.50, -538.98
665.28, 4.50, -538.98
665.28, 3.50, -538.98
665.28, 2.50, -538.98
665.28, 1.50, -538.98
665.28, 0.50, -538.98
665.28, -0.50, -538.98
665.28, -1.50, -538.98
665.28, -2.50, -538.98
665.28, -3.50, -538.98
665.28, -4.50, -538.98
665.28, -5.50, -538.98
665.28, -6.50, -538.98
665.28, -7.50, -538.98
665.28, -8.50, -538.98
665.28, -9.50, -537.98
665.28, -10.50, -537.98
665.28, -11.50, -537.98
665.28, -12.50, -537.98
665.28, -13.50, -537.98
665.28, -14.50, -537.98
665.28, -15.50, -537.98
665.28, -16.50, -537.98
665.28, -17.50, -537.98
665.28, -18.50, -537.98
665.28, -19.50, -537.98
665.28, -20.50, -537.98
665.28, -21.50, -537.98
665.28, -22.50, -537.98
665.28, -23.50, -537.98
665.28, -24.50, -537.98
665.28, -25.50, -536.98
665.28, -26.50, -536.98
665.28, -27.50, -536.98
665.28, -28.50, -536.98
665.28, -29.50, -536.98
665.28, -30.50, -536.98
665.28, -31.50, -536.98
665.28, -32.50, -536.98
665.28, -33.50, -536.98
665.48, -33.50, -536.98
665.68, -33.50, -536.98
665.88, -33.50, -536.98
666.08, -33.50, -536.98
666.28, -33.50, -536.98
666.48, -33.50, -536.98
666.68, -33.50, -536.98
666.88, -33.50, -536.98
667.08, -33.50, -536.98
667.28, -33.50, -536.98
667.48, -33.50, -536.98
667.68, -33.50, -536.98
667.88, -33.50, -536.98
668.08, -33.50, -536.98
668.28, -33.50, -536.98
668.48, -33.50, -536.98
668.68, -33.50, -536.98
668.88, -33.50, -536.98
669.08, -33.50, -536.98
669.28, -33.50, -536.98
669.48, -33.50, -536.98
669.68, -33.50, -536.98
669.88, -33.50, -536.98
670.08, -33.50, -536.98
670.28, -33.50, -536.98
670.48, -33.50, -536.98
670.68, -33.50, -536.98
670.88, -33.50, -536.98
671.08, -33.50, -536.98
671.28, -33.50, -536.98
671.48, -33.50, -536.98
671.68, -33.50, -536.98
671.88, -33.50, -536.98
672.08, -33.50, -536.98
672.28, -33.50, -536.98
672.48, -33.50, -536.98
672.68, -33.50, -536.98
672.88, -33.50, -536.98
673.08, -33.50, -536.98
673.28, -33.50, -536.98
673.48, -33.50, -536.98
673.68, -33.50, -536.98
673.88, -33.50, -536.98
674.08, -33.50, -536.98
674.28, -33.50, -536.98
674.48, -33.50, -536.98
674.68, -33.50, -536.98
674.88, -33.50, -536.98
675.08, -33.50, -536.98
675.28, -33.50, -536.98
675.48, -33.50, -536.98
675.68, -33.50, -536.98
675.88, -33.50, -536.98
676.08, -33.50, -536.98
676.28, -33.50, -536.98
676.48, -33.50, -536.98
676.68, -33.50, -536.98
676.88, -33.50, -536.98
677.08, -33.50, -536.98
677.28, -33.50, -536.98
677.48, -33.50, -536.98
677.68, -33.50, -536.98
677.88, -33.50, -536.98
678.08, -33.50, -536.98
678.28, -33.50, -536.98
678.48, -33.50, -536.98
678.68, -33.50, -536.98
678.88, -33.50, -536.98
679.08, -33.50, -536.98
679.28, -33.50, -536.98
679.48, -33.50, -536.98
679.68, -33.50, -536.98
679.88, -33.50, -536.98
680.08, -33.50, -536.98
680.28, -33.50, -536.98
680.48, -33.50, -536.98
680.68, -33.50, -536.98
680.88, -33.50, -536.98
681.08, -33.50, -536.98
681.28, -33.50, -536.98
681.48, -33.50, -536.98
681.68, -33.50, -536.98
681.88, -33.50, -536.98
682.08, -33.50, -536.98
682.28, -33.50, -536.98
682.48, -33.50, -536.98
682.68, -33.50, -536.98
682.88, -33.50, -536.98
683.08, -33.50, -536.98
683.28, -33.50, -536.98
683.48, -33.50, -536.98
683.68, -33.50, -536.98
683.88, -33.50, -536.98
684.08, -33.50, -536.98
684.28, -33.50, -536.98
684.48, -33.50, -536.98
684.68, -33.50, -536.98
684.88, -33.50, -536.98
685.08, -33.50, -536.98
685.28, -33.50, -536.98
685.28, -32.50, -536.98
685.28, -31.50, -536.98
685.28, -30.50, -536.98
685.28, -29.50, -536.98
685.28, -28.50, -536.98
685.28, -27.50, -536.98
685.28, -26.50, -536.98
685.28, -25.50, -536.98
685.28, -24.50, -536.98
685.28, -23.50, -536.98
685.28, -22.50, -536.98
685.28, -21.50, -536.98
685.28, -20.50, -536.98
685.28, -19.50, -536.98
685.28, -18.50, -536.98
685.28, -17.50, -536.98
685.28, -16.50, -536.98
685.28, -15.50, -536.98
685.28, -14.50, -536.98
685.28, -13.50, -536.98
685.28, -12.50, -536.98
685.28, -11.50, -536.98
685.28, -10.50, -536.98
685.28, -9.50, -536.98
685.28, -8.50, -536.98
685.28, -7.50, -536.98
685.28, -6.50, -536.98
685.28, -5.50, -536.98
685.28, -4.50, -536.98
685.28, -3.50, -536.98
685.28, -2.50, -536.98
685.28, -1.50, -536.98
685.28, -0.50, -536.98
685.28, 0.50, -536.98
685.28, 1.50, -536.98
685.28, 2.50, -536.98
685.28, 3.50, -536.98
685.28, 4.50, -536.98
685.28, 5.50, -536.98
685.28, 6.50, -536.98
685.28, 7.50, -536.98
685.28, 8.50, -536.98
685.28, 9.50, -536.98
685.28, 10.50, -536.98
685.28, 11.50, -536.98
685.28, 12.50, -536.98
685.28, 13.50, -536.98
685.28, 14.50, -536.98
685.28, 15.50, -536.98
685.28, 16.50, -536.98
685.28, 17.50, -536.98
685.28, 18.50, -536.98
685.28, 19.50, -536.98
685.28, 20.50, -536.98
685.28, 21.50, -536.98
685.28, 22.50, -537.98
685.28, 23.50, -537.98
685.28, 24.50, -537.98
685.28, 25.50, -537.98
685.28, 26.50, -537.98
685.28, 27.50, -537.98
685.28, 28.50, -537.98
685.28, 29.50, -537.98
685.28, 30.50, -537.98
685.28, 31.50, -537.98
685.28, 32.50, -537.98
685.28, 33.50, -537.98
685.28, 34.50, -537.98
685.28, 35.50, -537.98
685.28, 36.50, -537.98
685.28, 37.50, -537.98
685.28, 38.50, -537.98
685.28, 39.50, -537.98
685.28, 40.50, -537.98
685.28, 41.50, -537.98
685.28, 42.50, -537.98
685.28, 43.50, -537.98
685.28, 44.50, -537.98
685.28, 45.50, -537.98
685.28, 46.50, -537.98
685.28, 47.50, -537.98
685.28, 48.50, -537.98
685.28, 49.50, -537.98
685.28, 50.50, -537.98
685.28, 51.50, -537.98
685.28, 52.50, -537.98
685.28, 53.50, -537.98
685.28, 54.50, -537.98
685.28, 55.50, -537.98
685.28, 56.50, -537.98
685.28, 57.50, -537.98
685.28, 58.50, -537.98
685.28, 59.50, -537.98
685.28, 60.50, -537.98
685.28, 61.50, -537.98
685.28, 62.50, -537.98
685.28, 63.50, -537.98
685.28, 64.50, -537.98
685.28, 65.50, -537.98
685.28, 66.50, -537.98
685.28, 67.50, -537.98
685.28, 68.50, -537.98
685.28, 69.50, -537.98
685.28, 70.50, -537.98
685.28, 71.50, -537.98
685.28, 72.50, -537.98
685.28, 73.50, -537.98
685.28, 74.50, -537.98
685.28, 75.50, -537.98
685.28, 76.50, -537.98
685.28, 77.50, -537.98
685.28, 78.50, -537.98
685.28, 79.50, -536.98
685.28, 80.50, -536.98
685.28, 81.50, -536.98
685.28, 82.50, -535.98
685.28, 83.50, -535.98
685.28, 84.50, -535.98
685.28, 85.50, -534.98
685.28, 86.50, -534.98
685.28, 87.50, -533.98
685.28, 88.50, -533.98
685.28, 89.50, -533.98
685.28, 90.50, -532.98
685.28, 91.50, -532.98
685.28, 92.50, -532.98
685.28, 93.50, -531.98
685.28, 94.50, -531.98
685.28, 95.50, -530.98
685.28, 96.50, -530.98
685.28, 97.50, -530.98
685.28, 98.50, -529.98
685.28, 99.50, -529.98
685.28, 100.50, -529.98
685.28, 101.50, -528.98
685.28, 102.50, -528.98
685.28, 103.50, -527.98
685.28, 104.50, -527.98
685.28, 105.50, -527.98
685.28, 106.50, -526.98
685.28, 107.50, -526.98
685.28, 108.50, -526.98
685.28, 109.50, -525.98
685.28, 110.50, -525.98
685.28, 111.50, -525.98
685.28, 112.50, -525.98
685.28, 113.50, -524.98
685.28, 114.50, -524.98
685.28, 115.50, -524.98
685.28, 116.50, -523.98
685.28, 117.50, -523.98
685.28, 118.50, -523.98
685.28, 119.50, -522.98
685.28, 120.50, -522.98
685.28, 121.50, -522.98
685.28, 122.50, -521.98
685.28, 123.50, -521.98
685.28, 124.50, -521.98
685.28, 125.50, -520.98
685.28, 126.50, -520.98
685.28, 127.50, -520.98
685.28, 127.50, -519.98
685.28, 127.50, -518.98
685.28, 126.50, -517.98
685.28, 126.50, -516.98
685.28, 125.50, -516.98
685.28, 124.50, -515.98
685.28, 123.50, -515.98
685.28, 122.50, -515.98
685.28, 121.50, -514.98
685.28, 120.50, -514.98
685.28, 119.50, -513.98
685.28, 118.50, -513.98
685.28, 117.50, -512.98
685.28, 116.50, -512.98
685.28, 115.50, -512.98
685.28, 114.50, -511.98
685.28, 113.50, -511.98
685.28, 112.50, -511.98
685.28, 111.50, -511.98
685.28, 110.50, -510.98
685.28, 109.50, -510.98
685.28, 108.50, -510.98
685.28, 107.50, -509.98
685.28, 106.50, -509.98
685.28, 105.50, -508.98
685.28, 104.50, -508.98
685.28, 103.50, -507.98
685.28, 102.50, -506.98
685.28, 101.50, -506.98
685.28, 100.50, -505.98
685.28, 99.50, -505.98
685.28, 98.50, -505.98
685.28, 97.50, -505.98
685.28, 96.50, -505.98
685.28, 95.50, -505.98
685.28, 94.50, -505.98
685.28, 93.50, -505.98
685.28, 92.50, -505.98
685.28, 91.50, -505.98
685.28, 90.50, -505.98
685.28, 89.50, -505.98
685.28, 88.50, -505.98
685.28, 87.50, -505.98
685.28, 86.50, -505.98
685.28, 85.50, -505.98
685.28, 84.50, -505.98
685.28, 83.50, -505.98
685.28, 82.50, -505.98
685.28, 81.50, -505.98
685.28, 80.50, -504.98
685.28, 79.50, -504.98
685.28, 78.50, -504.98
685.28, 77.50, -504.98
685.28, 76.50, -504.98
685.28, 75.50, -504.98
685.28, 74.50, -504.98
685.28, 73.50, -504.98
685.28, 72.50, -504.98
685.28, 71.50, -504.98
685.28, 70.50, -504.98
685.28, 69.50, -503.98
685.28, 68.50, -503.98
685.28, 67.50, -503.98
685.28, 66.50, -503.98
685.28, 65.50, -503.98
685.28, 64.50, -503.98
685.28, 63.50, -503.98
685.28, 62.50, -503.98
685.28, 61.50, -503.98
685.28, 60.50, -503.98
685.28, 59.50, -503.98
685.28, 58.50, -503.98
685.28, 57.50, -503.98
685.28, 56.50, -503.98
685.28, 55.50, -503.98
685.28, 54.50, -503.98
685.28, 53.50, -503.98
685.28, 52.50, -503.98
685.28, 51.50, -503.98
685.28, 50.50, -503.98
685.28, 49.50, -503.98
685.28, 48.50, -503.98
685.28, 47.50, -503.98
685.28, 46.50, -503.98
685.28, 45.50, -503.98
685.28, 44.50, -503.98
685.28, 43.50, -503.98
685.28, 42.50, -503.98
685.28, 41.50, -503.98
685.28, 40.50, -503.98
685.28, 39.50, -503.98
685.28, 38.50, -503.98
685.28, 37.50, -503.98
685.28, 36.50, -503.98
685.28, 35.50, -502.98
685.28, 34.50, -502.98
685.28, 33.50, -502.98
685.28, 32.50, -502.98
685.28, 31.50, -502.98
685.28, 30.50, -502.98
685.28, 29.50, -501.98
685.28, 28.50, -501.98
685.28, 27.50, -501.98
685.28, 26.50, -501.98
685.28, 25.50, -501.98
685.28, 24.50, -501.98
685.28, 23.50, -501.98
685.28, 22.50, -500.98
685.28, 21.50, -500.98
685.28, 20.50, -500.98
685.28, 19.50, -500.98
685.28, 18.50, -500.98
685.28, 17.50, -500.98
685.28, 16.50, -500.98
685.28, 15.50, -500.98
685.28, 14.50, -500.98
685.28, 13.50, -500.98
685.28, 12.50, -500.98
685.28, 11.50, -500.98
685.28, 10.50, -500.98
685.28, 9.50, -500.98
685.28, 8.50, -500.98
685.28, 7.50, -500.98
685.28, 6.50, -500.98
685.28, 5.50, -499.98
685.28, 4.50, -499.98
685.28, 3.50, -499.98
685.28, 2.50, -499.98
685.28, 1.50, -499.98
685.28, 0.50, -498.98
685.28, -0.50, -498.98
685.28, -1.50, -498.98
685.28, -2.50, -498.98
685.28, -3.50, -498.98
685.28, -4.50, -498.98
685.28, -5.50, -497.98
685.28, -6.50, -497.98
685.28, -7.50, -497.98
685.28, -8.50, -497.98
685.28, -9.50, -497.98
685.28, -10.50, -497.98
685.28, -11.50, -497.98
685.28, -12.50, -497.98
685.28, -13.50, -497.98
685.28, -14.50, -497.98
685.28, -15.50, -497.98
685.28, -16.50, -497.98
685.28, -17.50, -497.98
685.28, -18.50, -497.98
685.28, -19.50, -497.98
685.28, -20.50, -497.98
685.28, -21.50, -497.98
685.28, -22.50, -497.98
685.28, -23.50, -496.98
685.28, -24.50, -496.98
685.28, -25.50, -496.98
685.28, -26.50, -496.98
685.28, -27.50, -496.98
685.28, -28.50, -496.98
685.28, -29.50, -496.98
685.28, -30.50, -495.98
685.28, -31.50, -495.98
685.28, -32.50, -494.98
685.28, -33.50, -494.98
685.28, -33.50, -493.98
685.28, -32.50, -493.98
685.08, -32.50, -493.98
684.88, -32.50, -493.98
684.68, -32.50, -493.98
684.48, -32.50, -493.98
684.28, -32.50, -493.98
684.08, -32.50, -493.98
683.88, -32.50, -493.98
683.68, -32.50, -493.98
683.48, -32.50, -493.98
683.28, -32.50, -493.98
683.08, -32.50, -493.98
682.88, -32.50, -493.98
682.68, -32.50, -493.98
682.48, -32.50, -493.98
682.28, -32.50, -493.98
682.08, -32.50, -493.98
681.88, -32.50, -493.98
681.68, -32.50, -493.98
681.48, -32.50, -493.98
681.28, -32.50, -493.98
681.08, -32.50, -493.98
680.88, -32.50, -493.98
680.68, -32.50, -493.98
680.48, -32.50, -493.98
680.28, -32.50, -493.98
680.08, -32.50, -493.98
679.88, -32.50, -493.98
679.68, -32.50, -493.98
679.48, -32.50, -493.98
679.28, -32.50, -493.98
679.08, -32.50, -493.98
678.88, -32.50, -493.98
678.68, -32.50, -493.98
678.48, -32.50, -493.98
678.28, -32.50, -493.98
678.08, -32.50, -493.98
677.88, -32.50, -493.98
677.68, -32.50, -493.98
677.48, -32.50, -493.98
677.28, -32.50, -493.98
677.08, -32.50, -493.98
676.88, -32.50, -493.98
676.68, -32.50, -493.98
676.48, -32.50, -493.98
676.28, -32.50, -493.98
676.08, -32.50, -493.98
675.88, -32.50, -493.98
675.68, -32.50, -493.98
675.48, -32.50, -493.98
675.28, -32.50, -493.98
675.08, -32.50, -493.98
674.88, -32.50, -493.98
674.68, -32.50, -493.98
674.48, -32.50, -493.98
674.28, -32.50, -493.98
674.08, -32.50, -493.98
673.88, -32.50, -493.98
673.68, -32.50, -493.98
673.48, -32.50, -493.98
673.28, -32.50, -493.98
673.08, -32.50, -493.98
672.88, -32.50, -493.98
672.68, -32.50, -493.98
672.48, -32.50, -493.98
672.28, -32.50, -493.98
672.08, -32.50, -493.98
671.88, -32.50, -493.98
671.68, -32.50, -493.98
671.48, -32.50, -493.98
671.28, -32.50, -493.98
671.08, -32.50, -493.98
670.88, -32.50, -493.98
670.68, -32.50, -493.98
670.48, -32.50, -493.98
670.28, -32.50, -493.98
670.08, -32.50, -493.98
669.88, -32.50, -493.98
669.68, -32.50, -493.98
669.48, -32.50, -493.98
669.28, -32.50, -493.98
669.08, -32.50, -493.98
668.88, -32.50, -493.98
668.68, -32.50, -493.98
668.48, -32.50, -493.98
668.28, -32.50, -493.98
668.08, -32.50, -493.98
667.88, -32.50, -493.98
667.68, -32.50, -493.98
667.48, -32.50, -493.98
667.28, -32.50, -493.98
667.08, -32.50, -493.98
666.88, -32.50, -493.98
666.68, -32.50, -493.98
666.48, -32.50, -493.98
666.28, -32.50, -493.98
666.08, -32.50, -493.98
665.88, -32.50, -493.98
665.68, -32.50, -493.98
665.48, -32.50, -493.98
665.28, -32.50, -493.98
665.28, -31.50, -494.98
665.28, -30.50, -494.98
665.28, -29.50, -495.98
665.28, -28.50, -496.98
665.28, -27.50, -497.98
665.28, -26.50, -497.98
665.28, -25.50, -498.98
665.28, -24.50, -499.98
665.28, -23.50, -500.98
665.28, -22.50, -500.98
665.28, -21.50, -501.98
665.28, -20.50, -502.98
665.28, -19.50, -503.98
665.28, -18.50, -503.98
665.28, -17.50, -504.98
665.28, -16.50, -505.98
665.28, -15.50, -506.98
665.28, -14.50, -506.98
665.28, -13.50, -507.98
665.28, -12.50, -508.98
665.28, -11.50, -509.98
665.28, -10.50, -509.98
665.28, -9.50, -510.98
665.28, -8.50, -511.98
665.28, -7.50, -512.98
665.28, -6.50, -512.98
665.28, -5.50, -513.98
665.28, -4.50, -514.98
665.28, -3.50, -514.98
665.28, -2.50, -515.98
665.28, -1.50, -516.98
665.28, -0.50, -517.98
665.28, 0.50, -517.98
665.28, 1.50, -518.98
665.28, 2.50, -519.98
665.28, 3.50, -520.98
665.28, 4.50, -520.98
665.28, 5.50, -521.98
665.28, 6.50, -522.98
665.28, 7.50, -523.98
665.28, 8.50, -523.98
665.28, 9.50, -524.98
665.28, 10.50, -525.98
665.28, 11.50, -526.98
665.28, 12.50, -526.98
665.28, 13.50, -527.98
665.28, 14.50, -528.98
665.28, 15.50, -529.98
665.28, 16.50, -529.98
665.28, 17.50, -530.98
665.28, 18.50, -531.98
665.28, 19.50, -532.98
665.28, 20.50, -532.98
665.28, 21.50, -533.98
665.28, 22.50, -534.98
665.28, 23.50, -535.98
665.28, 24.50, -535.98
665.28, 25.50, -536.98
665.48, 25.50, -536.98
665.68, 25.50, -536.98
665.88, 25.50, -536.98
666.08, 25.50, -536.98
666.28, 25.50, -536.98
666.48, 25.50, -536.98
666.68, 25.50, -536.98
666.88, 25.50, -536.98
667.08, 25.50, -536.98
667.28, 25.50, -536.98
667.48, 25.50, -536.98
667.68, 25.50, -536.98
667.88, 25.50, -536.98
668.08, 25.50, -536.98
668.28, 25.50, -536.98
668.48, 25.50, -536.98
668.68, 25.50, -536.98
668.88, 25.50, -536.98
669.08, 25.50, -536.98
669.28, 25.50, -536.98
669.48, 25.50, -536.98
669.68, 25.50, -536.98
669.88, 25.50, -536.98
670.08, 25.50, -536.98
670.28, 25.50, -536.98
670.48, 25.50, -536.98
670.68, 25.50, -536.98
670.88, 25.50, -536.98
671.08, 25.50, -536.98
671.28, 25.50, -536.98
671.48, 25.50, -536.98
671.68, 25.50, -536.98
671.88, 25.50, -536.98
672.08, 25.50, -536.98
672.28, 25.50, -536.98
672.48, 25.50, -536.98
672.68, 25.50, -536.98
672.88, 25.50, -536.98
673.08, 25.50, -536.98
673.28, 25.50, -536.98
673.48, 25.50, -536.98
673.68, 25.50, -536.98
673.88, 25.50, -536.98
674.08, 25.50, -536.98
674.28, 25.50, -536.98
674.48, 25.50, -536.98
674.68, 25.50, -536.98
674.88, 25.50, -536.98
675.08, 25.50, -536.98
675.28, 25.50, -536.98
675.48, 25.50, -536.98
675.68, 25.50, -536.98
675.88, 25.50, -536.98
676.08, 25.50, -536.98
676.28, 25.50, -536.98
676.48, 25.50, -536.98
676.68, 25.50, -536.98
676.88, 25.50, -536.98
677.08, 25.50, -536.98
677.28, 25.50, -536.98
677.48, 25.50, -536.98
677.68, 25.50, -536.98
677.88, 25.50, -536.98
678.08, 25.50, -536.98
678.28, 25.50, -536.98
678.48, 25.50, -536.98
678.68, 25.50, -536.98
678.88, 25.50, -536.98
679.08, 25.50, -536.98
679.28, 25.50, -536.98
679.48, 25.50, -536.98
679.68, 25.50, -536.98
679.88, 25.50, -536.98
680.08, 25.50, -536.98
680.28, 25.50, -536.98
680.48, 25.50, -536.98
680.68, 25.50, -536.98
680.88, 25.50, -536.98
681.08, 25.50, -536.98
681.28, 25.50, -536.98
681.48, 25.50, -536.98
681.68, 25.50, -536.98
681.88, 25.50, -536.98
682.08, 25.50, -536.98
682.28, 25.50, -536.98
682.48, 25.50, -536.98
682.68, 25.50, -536.98
682.88, 25.50, -536.98
683.08, 25.50, -536.98
683.28, 25.50, -536.98
683.48, 25.50, -536.98
683.68, 25.50, -536.98
683.88, 25.50, -536.98
684.08, 25.50, -536.98
684.28, 25.50, -536.98
684.48, 25.50, -536.98
684.68, 25.50, -536.98
684.88, 25.50, -536.98
685.08, 25.50, -536.98
685.28, 25.50, -536.98
685.28, 25.50, -535.98
685.28, 25.50, -534.98
685.28, 25.50, -533.98
685.28, 25.50, -532.98
685.28, 25.50, -531.98
685.28, 25.50, -530.98
685.28, 25.50, -529.98
685.28, 25.50, -528.98
685.28, 25.50, -527.98
685.28, 25.50, -526.98
685.28, 25.50, -525.98
685.28, 25.50, -524.98
685.28, 25.50, -523.98
685.28, 25.50, -522.98
685.28, 25.50, -521.98
685.28, 25.50, -520.98
685.28, 25.50, -519.98
685.28, 25.50, -518.98
685.28, 25.50, -517.98
685.28, 25.50, -516.98
685.28, 25.50, -515.98
685.28, 25.50, -514.98
685.28, 25.50, -513.98
685.28, 25.50, -512.98
685.28, 25.50, -511.98
685.28, 25.50, -510.98
685.28, 26.50, -509.98
685.28, 26.50, -508.98
685.28, 26.50, -507.98
685.28, 27.50, -506.98
685.28, 27.50, -505.98
685.28, 28.50, -504.98
685.28, 29.50, -503.98
685.08, 29.50, -503.98
684.88, 29.50, -503.98
684.68, 29.50, -503.98
684.48, 29.50, -503.98
684.28, 29.50, -503.98
684.08, 29.50, -503.98
683.88, 29.50, -503.98
683.68, 29.50, -503.98
683.48, 29.50, -503.98
683.28, 29.50, -503.98
683.08, 29.50, -503.98
682.88, 29.50, -503.98
682.68, 29.50, -503.98
682.48, 29.50, -503.98
682.28, 29.50, -503.98
682.08, 29.50, -503.98
681.88, 29.50, -503.98
681.68, 29.50, -503.98
681.48, 29.50, -503.98
681.28, 29.50, -503.98
681.08, 29.50, -503.98
680.88, 29.50, -503.98
680.68, 29.50, -503.98
680.48, 29.50, -503.98
680.28, 29.50, -503.98
680.08, 29.50, -503.98
679.88, 29.50, -503.98
679.68, 29.50, -503.98
679.48, 29.50, -503.98
679.28, 29.50, -503.98
679.08, 29.50, -503.98
678.88, 29.50, -503.98
678.68, 29.50, -503.98
678.48, 29.50, -503.98
678.28, 29.50, -503.98
678.08, 29.50, -503.98
677.88, 29.50, -503.98
677.68, 29.50, -503.98
677.48, 29.50, -503.98
677.28, 29.50, -503.98
677.08, 29.50, -503.98
676.88, 29.50, -503.98
676.68, 29.50, -503.98
676.48, 29.50, -503.98
676.28, 29.50, -503.98
676.08, 29.50, -503.98
675.88, 29.50, -503.98
675.68, 29.50, -503.98
675.48, 29.50, -503.98
675.28, 29.50, -503.98
675.08, 29.50, -503.98
674.88, 29.50, -503.98
674.68, 29.50, -503.98
674.48, 29.50, -503.98
674.28, 29.50, -503.98
674.08, 29.50, -503.98
673.88, 29.50, -503.98
673.68, 29.50, -503.98
673.48, 29.50, -503.98
673.28, 29.50, -503.98
673.08, 29.50, -503.98
672.88, 29.50, -503.98
672.68, 29.50, -503.98
672.48, 29.50, -503.98
672.28, 29.50, -503.98
672.08, 29.50, -503.98
671.88, 29.50, -503.98
671.68, 29.50, -503.98
671.48, 29.50, -503.98
671.28, 29.50, -503.98
671.08, 29.50, -503.98
670.88, 29.50, -503.98
670.68, 29.50, -503.98
670.48, 29.50, -503.98
670.28, 29.50, -503.98
670.08, 29.50, -503.98
669.88, 29.50, -503.98
669.68, 29.50, -503.98
669.48, 29.50, -503.98
669.28, 29.50, -503.98
669.08, 29.50, -503.98
668.88, 29.50, -503.98
668.68, 29.50, -503.98
668.48, 29.50, -503.98
668.28, 29.50, -503.98
668.08, 29.50, -503.98
667.88, 29.50, -503.98
667.68, 29.50, -503.98
667.48, 29.50, -503.98
667.28, 29.50, -503.98
667.08, 29.50, -503.98
666.88, 29.50, -503.98
666.68, 29.50, -503.98
666.48, 29.50, -503.98
666.28, 29.50, -503.98
666.08, 29.50, -503.98
665.88, 29.50, -503.98
665.68, 29.50, -503.98
665.48, 29.50, -503.98
665.28, 29.50, -503.98
665.28, 30.50, -502.98
665.28, 30.50, -501.98
665.28, 31.50, -500.98
665.28, 32.50, -499.98
665.28, 33.50, -498.98
665.28, 33.50, -497.98
665.28, 34.50, -496.98
665.28, 35.50, -495.98
665.28, 35.50, -494.98
665.28, 36.50, -493.98
665.28, 37.50, -492.98
665.28, 37.50, -491.98
665.28, 38.50, -490.98
665.28, 39.50, -489.98
665.28, 40.50, -488.98
665.28, 40.50, -487.98
665.28, 41.50, -486.98
665.28, 42.50, -485.98
665.28, 42.50, -484.98
665.28, 43.50, -483.98
665.28, 44.50, -482.98
665.28, 44.50, -481.98
665.28, 45.50, -480.98
665.28, 46.50, -479.98
665.28, 47.50, -478.98
665.28, 47.50, -477.98
665.28, 48.50, -476.98
665.28, 49.50, -475.98
665.28, 49.50, -474.98
665.28, 50.50, -473.98
665.28, 51.50, -472.98
665.28, 51.50, -471.98
665.28, 52.50, -470.98
665.28, 53.50, -469.98
665.28, 54.50, -468.98
665.28, 54.50, -467.98
665.28, 55.50, -466.98
665.28, 56.50, -465.98
665.28, 56.50, -464.98
665.28, 57.50, -463.98
665.28, 58.50, -462.98
665.28, 58.50, -461.98
665.28, 59.50, -460.98
665.28, 60.50, -459.98
665.28, 61.50, -458.98
665.28, 61.50, -457.98
665.28, 62.50, -456.98
665.28, 63.50, -455.98
665.28, 63.50, -454.98
665.28, 64.50, -453.98
665.28, 65.50, -452.98
665.28, 66.50, -451.98
665.28, 66.50, -450.98
665.28, 67.50, -449.98
665.28, 68.50, -448.98
665.28, 68.50, -447.98
665.28, 69.50, -446.98
665.28, 70.50, -445.98
665.28, 70.50, -444.98
665.28, 71.50, -443.98
665.28, 72.50, -442.98
665.28, 73.50, -441.98
665.28, 73.50, -440.98
665.28, 74.50, -439.98
665.28, 75.50, -438.98
665.28, 75.50, -437.98
665.28, 76.50, -436.98
665.28, 77.50, -435.98
665.28, 77.50, -434.98
665.28, 78.50, -433.98
665.28, 79.50, -432.98
665.28, 80.50, -431.98
665.28, 80.50, -430.98
665.28, 81.50, -429.98
665.28, 82.50, -428.98
665.28, 82.50, -427.98
665.28, 83.50, -426.98
665.28, 84.50, -425.98
665.28, 84.50, -424.98
665.28, 85.50, -423.98
665.28, 86.50, -422.98
665.28, 87.50, -421.98
665.28, 87.50, -420.98
665.28, 88.50, -419.98
665.28, 89.50, -418.98
665.28, 89.50, -417.98
665.28, 90.50, -416.98
665.28, 91.50, -415.98
665.28, 91.50, -414.98
665.28, 92.50, -413.98
665.28, 93.50, -412.98
665.28, 94.50, -411.98
665.28, 94.50, -410.98
665.28, 95.50, -409.98
665.48, 95.50, -409.98
665.68, 95.50, -409.98
665.88, 95.50, -409.98
666.08, 95.50, -409.98
666.28, 95.50, -409.98
666.48, 95.50, -409.98
666.68, 95.50, -409.98
666.88, 95.50, -409.98
667.08, 95.50, -409.98
667.28, 95.50, -409.98
667.48, 95.50, -409.98
667.68, 95.50, -409.98
667.88, 95.50, -409.98
668.08, 95.50, -409.98
668.28, 95.50, -409.98
668.48, 95.50, -409.98
668.68, 95.50, -409.98
668.88, 95.50, -409.98
669.08, 95.50, -409.98
669.28, 95.50, -409.98
669.48, 95.50, -409.98
669.68, 95.50, -409.98
669.88, 95.50, -409.98
670.08, 95.50, -409.98
670.28, 95.50, -409.98
670.48, 95.50, -409.98
670.68, 95.50, -409.98
670.88, 95.50, -409.98
671.08, 95.50, -409.98
671.28, 95.50, -409.98
671.48, 95.50, -409.98
671.68, 95.50, -409.98
671.88, 95.50, -409.98
672.08, 95.50, -409.98
672.28, 95.50, -409.98
672.48, 95.50, -409.98
672.68, 95.50, -409.98
672.88, 95.50, -409.98
673.08, 95.50, -409.98
673.28, 95.50, -409.98
673.48, 95.50, -409.98
673.68, 95.50, -409.98
673.88, 95.50, -409.98
674.08, 95.50, -409.98
674.28, 95.50, -409.98
674.48, 95.50, -409.98
674.68, 95.50, -409.98
674.88, 95.50, -409.98
675.08, 95.50, -409.98
675.28, 95.50, -409.98
675.48, 95.50, -409.98
675.68, 95.50, -409.98
675.88, 95.50, -409.98
676.08, 95.50, -409.98
676.28, 95.50, -409.98
676.48, 95.50, -409.98
676.68, 95.50, -409.98
676.88, 95.50, -409.98
677.08, 95.50, -409.98
677.28, 95.50, -409.98
677.48, 95.50, -409.98
677.68, 95.50, -409.98
677.88, 95.50, -409.98
678.08, 95.50, -409.98
678.28, 95.50, -409.98
678.48, 95.50, -409.98
678.68, 95.50, -409.98
678.88, 95.50, -409.98
679.08, 95.50, -409.98
679.28, 95.50, -409.98
679.48, 95.50, -409.98
679.68, 95.50, -409.98
679.88, 95.50, -409.98
680.08, 95.50, -409.98
680.28, 95.50, -409.98
680.48, 95.50, -409.98
680.68, 95.50, -409.98
680.88, 95.50, -409.98
681.08, 95.50, -409.98
681.28, 95.50, -409.98
681.48, 95.50, -409.98
681.68, 95.50, -409.98
681.88, 95.50, -409.98
682.08, 95.50, -409.98
682.28, 95.50, -409.98
682.48, 95.50, -409.98
682.68, 95.50, -409.98
682.88, 95.50, -409.98
683.08, 95.50, -409.98
683.28, 95.50, -409.98
683.48, 95.50, -409.98
683.68, 95.50, -409.98
683.88, 95.50, -409.98
684.08, 95.50, -409.98
684.28, 95.50, -409.98
684.48, 95.50, -409.98
684.68, 95.50, -409.98
684.88, 95.50, -409.98
685.08, 95.50, -409.98
685.28, 95.50, -409.98
685.28, 96.50, -409.98
685.28, 97.50, -410.98
685.28, 98.50, -411.98
685.28, 99.50, -412.98
685.28, 100.50, -413.98
685.28, 101.50, -414.98
685.28, 102.50, -415.98
685.28, 103.50, -415.98
685.28, 104.50, -416.98
685.28, 105.50, -417.98
685.28, 106.50, -417.98
685.28, 107.50, -418.98
685.28, 108.50, -419.98
685.28, 109.50, -419.98
685.28, 110.50, -420.98
685.28, 110.50, -421.98
685.28, 110.50, -422.98
685.28, 111.50, -423.98
685.28, 111.50, -424.98
685.28, 111.50, -425.98
685.28, 111.50, -426.98
685.28, 111.50, -427.98
685.28, 111.50, -428.98
685.28, 111.50, -429.98
685.28, 111.50, -430.98
685.28, 111.50, -431.98
685.28, 111.50, -432.98
685.28, 111.50, -433.98
685.28, 111.50, -434.98
685.28, 111.50, -435.98
685.28, 110.50, -436.98
685.28, 110.50, -437.98
685.28, 109.50, -438.98
685.28, 109.50, -439.98
685.28, 109.50, -440.98
685.28, 108.50, -441.98
685.28, 108.50, -442.98
685.28, 108.50, -443.98
685.28, 107.50, -444.98
685.28, 107.50, -445.98
685.28, 106.50, -446.98
685.28, 106.50, -447.98
685.28, 105.50, -448.98
685.28, 105.50, -449.98
685.28, 104.50, -450.98
685.28, 103.50, -451.98
685.28, 102.50, -451.98
685.28, 101.50, -452.98
685.28, 100.50, -452.98
685.28, 99.50, -453.98
685.28, 98.50, -454.98
685.28, 97.50, -454.98
685.28, 96.50, -455.98
685.28, 95.50, -455.98
685.28, 94.50, -455.98
685.28, 93.50, -456.98
685.28, 92.50, -456.98
685.28, 91.50, -457.98
685.28, 90.50, -457.98
685.28, 89.50, -457.98
685.28, 88.50, -457.98
685.28, 87.50, -457.98
685.28, 86.50, -457.98
685.28, 85.50, -457.98
685.28, 84.50, -457.98
685.28, 83.50, -458.98
685.28, 82.50, -458.98
685.28, 81.50, -459.98
685.28, 80.50, -459.98
685.28, 79.50, -460.98
685.28, 78.50, -460.98
685.28, 77.50, -460.98
685.28, 76.50, -460.98
685.28, 75.50, -460.98
685.28, 74.50, -460.98
685.28, 73.50, -460.98
685.28, 72.50, -461.98
685.28, 71.50, -461.98
685.28, 70.50, -462.98
685.28, 69.50, -462.98
685.28, 68.50, -462.98
685.28, 67.50, -462.98
685.28, 66.50, -462.98
685.28, 65.50, -462.98
685.28, 64.50, -462.98
685.28, 63.50, -462.98
685.28, 62.50, -462.98
685.28, 61.50, -462.98
685.28, 60.50, -462.98
685.28, 59.50, -462.98
685.28, 58.50, -462.98
685.28, 57.50, -462.98
685.28, 56.50, -462.98
685.28, 55.50, -462.98
685.28, 54.50, -462.98
685.28, 53.50, -462.98
685.28, 52.50, -462.98
685.28, 51.50, -462.98
685.28, 50.50, -462.98
685.28, 49.50, -462.98
685.28, 48.50, -462.98
685.28, 47.50, -462.98
685.28, 46.50, -462.98
685.28, 45.50, -462.98
685.28, 44.50, -462.98
685.28, 43.50, -462.98
685.28, 42.50, -462.98
685.28, 41.50, -461.98
685.28, 40.50, -461.98
685.28, 39.50, -461.98
685.28, 38.50, -461.98
685.28, 37.50, -461.98
685.28, 36.50, -461.98
685.28, 35.50, -461.98
685.28, 34.50, -461.98
685.28, 33.50, -461.98
685.28, 32.50, -461.98
685.28, 31.50, -461.98
685.28, 30.50, -461.98
685.28, 29.50, -461.98
685.28, 28.50, -461.98
685.28, 27.50, -461.98
685.28, 26.50, -461.98
685.28, 25.50, -461.98
685.28, 24.50, -461.98
685.28, 23.50, -461.98
685.28, 22.50, -461.98
685.28, 21.50, -461.98
685.28, 20.50, -461.98
685.28, 19.50, -461.98
685.28, 18.50, -461.98
685.28, 17.50, -461.98
685.28, 16.50, -461.98
685.28, 15.50, -461.98
685.28, 14.50, -461.98
685.28, 13.50, -461.98
685.28, 12.50, -461.98
685.28, 11.50, -461.98
685.28, 10.50, -461.98
685.28, 9.50, -460.98
685.28, 8.50, -460.98
685.28, 7.50, -460.98
685.28, 6.50, -460.98
685.28, 5.50, -460.98
685.28, 4.50, -460.98
685.28, 3.50, -460.98
685.28, 2.50, -460.98
685.28, 1.50, -459.98
685.28, 0.50, -459.98
685.28, -0.50, -459.98
685.28, -1.50, -458.98
685.28, -2.50, -458.98
685.28, -3.50, -457.98
685.28, -4.50, -457.98
685.28, -5.50, -456.98
685.28, -6.50, -456.98
685.28, -7.50, -455.98
685.28, -8.50, -454.98
685.28, -9.50, -453.98
685.28, -10.50, -453.98
685.28, -11.50, -452.98
685.28, -12.50, -451.98
685.28, -13.50, -450.98
685.28, -14.50, -449.98
685.28, -15.50, -448.98
685.28, -16.50, -448.98
685.28, -17.50, -447.98
685.28, -18.50, -446.98
685.28, -19.50, -445.98
685.28, -20.50, -444.98
685.28, -21.50, -443.98
685.28, -22.50, -442.98
685.28, -23.50, -441.98
685.28, -24.50, -440.98
685.28, -25.50, -439.98
685.28, -26.50, -438.98
685.28, -27.50, -437.98
685.28, -28.50, -436.98
685.28, -29.50, -435.98
685.28, -30.50, -434.98
685.28, -31.50, -433.98
685.28, -31.50, -432.98
685.28, -31.50, -431.98
685.28, -31.50, -430.98
685.28, -31.50, -429.98
685.28, -31.50, -428.98
685.28, -31.50, -427.98
685.28, -31.50, -426.98
685.28, -31.50, -425.98
685.28, -31.50, -424.98
685.28, -32.50, -423.98
685.28, -32.50, -422.98
685.28, -33.50, -421.98
685.28, -33.50, -420.98
685.28, -33.50, -419.98
685.28, -33.50, -418.98
685.28, -33.50, -417.98
685.28, -33.50, -416.98
685.28, -33.50, -415.98
685.28, -33.50, -414.98
685.28, -33.50, -413.98
685.28, -33.50, -412.98
685.28, -32.50, -411.98
685.28, -32.50, -410.98
685.28, -31.50, -409.98
685.28, -30.50, -408.98
685.28, -29.50, -407.98
685.28, -29.50, -406.98
685.28, -28.50, -405.98
685.28, -27.50, -404.98
685.28, -26.50, -403.98
685.28, -25.50, -402.98
685.28, -24.50, -401.98
685.28, -23.50, -401.98
685.28, -22.50, -400.98
685.28, -21.50, -400.98
685.28, -20.50, -400.98
685.28, -19.50, -400.98
685.28, -18.50, -400.98
685.28, -17.50, -400.98
685.28, -16.50, -399.98
685.28, -15.50, -399.98
685.28, -14.50, -398.98
685.28, -13.50, -398.98
685.28, -12.50, -398.98
685.28, -11.50, -398.98
685.28, -10.50, -398.98
685.28, -9.50, -398.98
685.28, -8.50, -398.98
685.28, -7.50, -398.98
685.28, -6.50, -398.98
685.28, -5.50, -398.98
685.28, -4.50, -398.98
685.28, -3.50, -398.98
685.28, -2.50, -398.98
685.28, -1.50, -398.98
685.28, -0.50, -398.98
685.28, 0.50, -398.98
685.28, 1.50, -398.98
685.28, 2.50, -398.98
685.28, 3.50, -398.98
685.28, 4.50, -399.98
685.28, 5.50, -399.98
685.28, 6.50, -399.98
685.28, 7.50, -399.98
685.28, 8.50, -400.98
685.28, 9.50, -400.98
685.28, 10.50, -400.98
685.28, 11.50, -401.98
685.28, 12.50, -401.98
685.28, 13.50, -401.98
685.28, 14.50, -402.98
685.28, 15.50, -402.98
685.28, 16.50, -403.98
685.28, 17.50, -404.98
685.28, 18.50, -404.98
685.28, 19.50, -404.98
685.28, 20.50, -404.98
685.28, 21.50, -405.98
685.28, 22.50, -405.98
685.28, 23.50, -405.98
685.28, 24.50, -405.98
685.28, 25.50, -405.98
685.28, 26.50, -405.98
685.28, 27.50, -405.98
685.28, 28.50, -405.98
685.28, 29.50, -405.98
685.28, 30.50, -406.98
685.28, 31.50, -406.98
685.28, 32.50, -406.98
685.28, 33.50, -406.98
685.28, 34.50, -406.98
685.28, 35.50, -406.98
685.28, 36.50, -406.98
685.28, 37.50, -406.98
685.28, 38.50, -406.98
685.28, 39.50, -406.98
685.28, 40.50, -406.98
685.28, 41.50, -406.98
685.28, 42.50, -406.98
685.28, 43.50, -406.98
685.28, 44.50, -406.98
685.28, 45.50, -406.98
685.28, 46.50, -406.98
685.28, 47.50, -406.98
685.28, 48.50, -406.98
685.28, 49.50, -406.98
685.28, 50.50, -406.98
685.28, 51.50, -406.98
685.28, 52.50, -406.98
685.28, 53.50, -406.98
685.28, 54.50, -406.98
685.28, 55.50, -406.98
685.28, 56.50, -406.98
685.28, 57.50, -406.98
685.28, 58.50, -406.98
685.28, 59.50, -406.98
685.28, 60.50, -406.98
685.28, 61.50, -406.98
685.28, 62.50, -406.98
685.28, 63.50, -407.98
685.28, 64.50, -407.98
685.28, 65.50, -407.98
685.28, 66.50, -408.98
685.28, 67.50, -408.98
685.28, 68.50, -408.98
685.28, 69.50, -408.98
685.28, 70.50, -408.98
685.28, 71.50, -408.98
685.28, 72.50, -408.98
685.28, 73.50, -408.98
685.28, 74.50, -408.98
685.28, 75.50, -408.98
685.28, 76.50, -408.98
685.28, 77.50, -408.98
685.28, 78.50, -408.98
685.28, 79.50, -409.98
685.28, 80.50, -409.98
685.28, 81.50, -409.98
685.28, 82.50, -409.98
685.28, 83.50, -409.98
685.28, 84.50, -409.98
685.28, 85.50, -409.98
685.28, 86.50, -409.98
685.28, 87.50, -408.98
685.28, 88.50, -407.98
685.28, 89.50, -407.98
685.28, 90.50, -407.98
685.28, 91.50, -406.98
685.28, 92.50, -406.98
685.28, 93.50, -406.98
685.28, 94.50, -407.98
685.28, 94.50, -408.98
685.28, 95.50, -408.98
685.28, 96.50, -409.98
685.28, 95.50, -409.98
