# ============================================================
# TRAYECTORIA PARA LA PESTAÑA DE CINEMÁTICA INVERSA
# ============================================================
#TRAYECTORIA:

610.00, -38.00, 200.4
613.00, -38.00, 200.4
616.00, -38.00, 200.4
619.00, -38.00, 200.4
622.00, -38.00, 200.4
625.00, -38.00, 200.4
628.00, -38.00, 200.4
631.00, -38.00, 200.4
634.00, -38.00, 200.4
637.00, -38.00, 200.4
640.00, -38.00, 200.4
642.59, -37.66, 200.4
645.00, -36.66, 200.4
647.07, -35.07, 200.4
648.66, -33.00, 200.4
649.66, -30.59, 200.4
650.00, -28.00, 200.4
649.66, -25.41, 200.4
648.66, -23.00, 200.4
647.07, -20.93, 200.4
645.00, -19.34, 200.4
642.59, -18.34, 200.4
640.00, -18.00, 200.4
637.00, -18.00, 200.4
634.00, -18.00, 200.4
631.00, -18.00, 200.4
628.00, -18.00, 200.4
625.00, -18.00, 200.4
622.00, -18.00, 200.4
619.00, -18.00, 200.4
616.00, -18.00, 200.4
613.00, -18.00, 200.4
610.00, -18.00, 200.4
612.86, -17.50, 200.4
615.71, -17.00, 200.4
618.57, -16.50, 200.4
621.43, -16.00, 200.4
624.29, -15.50, 200.4
627.14, -15.00, 200.4
630.00, -14.50, 200.4
632.86, -14.00, 200.4
635.71, -13.50, 200.4
638.57, -13.00, 200.4
641.43, -12.50, 200.4
644.29, -12.00, 200.4
647.14, -11.50, 200.4
650.00, -11.00, 200.4
647.14, -10.21, 200.4
644.29, -9.43, 200.4
641.43, -8.64, 200.4
638.57, -7.86, 200.4
635.71, -7.07, 200.4
632.86, -6.29, 200.4
630.00, -5.50, 200.4
627.14, -4.71, 200.4
624.29, -3.93, 200.4
621.43, -3.14, 200.4
618.57, -2.36, 200.4
615.71, -1.57, 200.4
612.86, -0.79, 200.4
610.00, 0.00, 200.4
612.86, 0.79, 200.4
615.71, 1.57, 200.4
618.57, 2.36, 200.4
621.43, 3.14, 200.4
624.29, 3.93, 200.4
627.14, 4.71, 200.4
630.00, 5.50, 200.4
630.00, 2.75, 200.4
630.00, 0.00, 200.4
630.00, -2.75, 200.4
630.00, -5.50, 200.4
630.00, -2.75, 200.4
630.00, 0.00, 200.4
630.00, 2.75, 200.4
630.00, 5.50, 200.4
632.86, 6.29, 200.4
635.71, 7.07, 200.4
638.57, 7.86, 200.4
641.43, 8.64, 200.4
644.29, 9.43, 200.4
647.14, 10.21, 200.4
650.00, 11.00, 200.4
650.00, 14.20, 200.4
650.00, 17.40, 200.4
650.00, 20.60, 200.4
650.00, 23.80, 200.4
650.00, 27.00, 200.4
649.32, 29.85, 200.4
647.32, 32.50, 200.4
644.14, 34.78, 200.4
640.00, 36.53, 200.4
637.59, 37.08, 200.4
635.18, 37.63, 200.4
632.59, 37.81, 200.4
630.00, 38.00, 200.4
627.41, 37.81, 200.4
624.82, 37.63, 200.4
622.41, 37.08, 200.4
620.00, 36.53, 200.4
615.86, 34.78, 200.4
612.68, 32.50, 200.4
610.68, 29.85, 200.4
610.00, 27.00, 200.4
610.68, 24.15, 200.4
612.68, 21.50, 200.4
615.86, 19.22, 200.4
620.00, 17.47, 200.4
622.41, 16.92, 200.4
624.82, 16.37, 200.4
627.41, 16.19, 200.4
630.00, 16.00, 200.4
632.59, 16.19, 200.4
635.18, 16.37, 200.4
637.59, 16.92, 200.4
640.00, 17.47, 200.4
644.14, 19.22, 200.4
647.32, 21.50, 200.4
649.32, 24.15, 200.4
650.00, 27.00, 200.4
