# Trayectoria exportada desde trazador.py (pierna izquierda, sistema de las pestañas de IK: X hacia abajo, Y adelante, Z lateral, mm)
# x_papel=685.28 centro=(0, -489.48) papel=255x255 escala=1 levantar=20 espejo=False
# ley_temporal metodo=quintico v=200 a=100 esquinas=si
685.28, 63.50, -580.98
685.28, 62.50, -580.98
685.28, 61.50, -580.98
685.28, 60.50, -580.98
685.28, 59.50, -581.98
685.28, 58.50, -581.98
685.28, 57.50, -582.98
685.28, 56.50, -582.98
685.28, 55.50, -583.98
685.28, 54.50, -583.98
685.28, 53.50, -584.98
685.28, 52.50, -584.98
685.28, 51.50, -585.98
685.28, 50.50, -585.98
685.28, 49.50, -586.98
685.28, 48.50, -586.98
685.28, 47.50, -587.98
685.28, 46.50, -587.98
685.28, 45.50, -587.98
685.28, 44.50, -588.98
685.28, 43.50, -588.98
685.28, 42.50, -589.98
685.28, 41.50, -589.98
685.28, 40.50, -589.98
685.28, 39.50, -590.98
685.28, 38.50, -590.98
685.28, 37.50, -590.98
685.28, 36.50, -591.98
685.28, 35.50, -591.98
685.28, 34.50, -592.98
685.28, 33.50, -592.98
685.28, 32.50, -592.98
685.28, 31.50, -593.98
685.28, 30.50, -593.98
685.28, 29.50, -594.98
685.28, 28.50, -594.98
685.28, 27.50, -594.98
685.28, 26.50, -594.98
685.28, 25.50, -595.98
685.28, 24.50, -595.98
685.28, 23.50, -595.98
685.28, 22.50, -595.98
685.28, 21.50, -596.98
685.28, 20.50, -596.98
685.28, 19.50, -596.98
685.28, 18.50, -596.98
685.28, 17.50, -597.98
685.28, 16.50, -597.98
685.28, 15.50, -597.98
685.28, 14.50, -597.98
685.28, 13.50, -598.98
685.28, 12.50, -598.98
685.28, 11.50, -598.98
685.28, 10.50, -598.98
685.28, 9.50, -599.98
685.28, 8.50, -599.98
685.28, 7.50, -599.98
685.28, 6.50, -599.98
685.28, 5.50, -599.98
685.28, 4.50, -599.98
685.28, 3.50, -599.98
685.28, 2.50, -599.98
685.28, 1.50, -599.98
685.28, 0.50, -599.98
685.28, -0.50, -599.98
685.28, -1.50, -599.98
685.28, -2.50, -599.98
685.28, -3.50, -599.98
685.28, -4.50, -599.98
685.28, -5.50, -599.98
685.28, -6.50, -599.98
685.28, -7.50, -599.98
685.28, -8.50, -599.98
685.28, -9.50, -599.98
685.28, -10.50, -599.98
685.28, -11.50, -599.98
685.28, -12.50, -599.98
685.28, -13.50, -599.98
685.28, -14.50, -599.98
685.28, -15.50, -598.98
685.28, -16.50, -598.98
685.28, -17.50, -598.98
685.28, -18.50, -598.98
685.28, -19.50, -598.98
685.28, -20.50, -598.98
685.28, -21.50, -597.98
685.28, -22.50, -597.98
685.28, -23.50, -597.98
685.28, -24.50, -596.98
685.28, -25.50, -596.98
685.28, -26.50, -595.98
685.28, -27.50, -595.98
685.28, -28.50, -594.98
685.28, -29.50, -594.98
685.28, -30.50, -593.98
685.28, -31.50, -593.98
685.28, -32.50, -592.98
685.28, -33.50, -592.98
685.28, -34.50, -591.98
685.28, -35.50, -590.98
685.28, -36.50, -590.98
685.28, -37.50, -589.98
685.28, -38.50, -588.98
685.28, -39.50, -588.98
685.28, -40.50, -587.98
685.28, -41.50, -587.98
685.28, -42.50, -586.98
685.28, -43.50, -585.98
685.28, -44.50, -585.98
685.28, -45.50, -584.98
685.28, -46.50, -583.98
685.28, -47.50, -583.98
685.28, -48.50, -582.98
685.28, -49.50, -582.98
685.28, -50.50, -581.98
685.28, -51.50, -580.98
685.28, -52.50, -580.98
685.28, -53.50, -579.98
685.28, -54.50, -578.98
685.28, -55.50, -578.98
685.28, -56.50, -577.98
685.28, -57.50, -577.98
685.28, -58.50, -576.98
685.28, -59.50, -576.98
685.28, -60.50, -575.98
685.28, -61.50, -575.98
685.28, -62.50, -574.98
685.28, -63.50, -574.98
685.28, -64.50, -573.98
685.28, -65.50, -573.98
685.28, -66.50, -573.98
685.28, -67.50, -572.98
685.28, -68.50, -572.98
685.28, -69.50, -571.98
685.28, -70.50, -571.98
685.28, -71.50, -570.98
685.28, -72.50, -570.98
685.28, -72.50, -569.98
685.28, -73.50, -568.98
685.28, -73.50, -567.98
685.28, -74.50, -566.98
685.28, -74.50, -565.98
685.28, -75.50, -564.98
685.28, -75.50, -563.98
685.28, -76.50, -562.98
685.28, -76.50, -561.98
685.28, -77.50, -560.98
685.28, -77.50, -559.98
685.28, -78.50, -558.98
685.28, -78.50, -557.98
685.28, -79.50, -556.98
685.28, -79.50, -555.98
685.28, -80.50, -554.98
685.28, -81.50, -553.98
685.28, -82.50, -552.98
685.28, -82.50, -551.98
685.28, -83.50, -550.98
685.28, -84.50, -549.98
685.28, -85.50, -548.98
685.28, -85.50, -547.98
685.28, -86.50, -546.98
685.28, -87.50, -545.98
685.28, -87.50, -544.98
685.28, -88.50, -543.98
685.28, -88.50, -542.98
685.28, -88.50, -541.98
685.28, -88.50, -540.98
685.28, -89.50, -539.98
685.28, -89.50, -538.98
685.28, -89.50, -537.98
685.28, -89.50, -536.98
685.28, -90.50, -535.98
685.28, -90.50, -534.98
685.28, -90.50, -533.98
685.28, -90.50, -532.98
685.28, -91.50, -531.98
685.28, -91.50, -530.98
685.28, -91.50, -529.98
685.28, -91.50, -528.98
685.28, -91.50, -527.98
685.28, -92.50, -526.98
685.28, -92.50, -525.98
685.28, -92.50, -524.98
685.28, -92.50, -523.98
685.28, -92.50, -522.98
685.28, -92.50, -521.98
685.28, -92.50, -520.98
685.28, -92.50, -519.98
685.28, -93.50, -518.98
685.28, -93.50, -517.98
685.28, -93.50, -516.98
685.28, -93.50, -515.98
685.28, -93.50, -514.98
685.28, -93.50, -513.98
685.28, -93.50, -512.98
685.28, -93.50, -511.98
685.28, -93.50, -510.98
685.28, -93.50, -509.98
685.28, -93.50, -508.98
685.28, -93.50, -507.98
685.28, -94.50, -506.98
685.28, -94.50, -505.98
685.28, -94.50, -504.98
685.28, -94.50, -503.98
685.28, -94.50, -502.98
685.28, -94.50, -501.98
685.28, -94.50, -500.98
685.28, -94.50, -499.98
685.28, -94.50, -498.98
685.28, -94.50, -497.98
685.28, -94.50, -496.98
685.28, -94.50, -495.98
685.28, -94.50, -494.98
685.28, -94.50, -493.98
685.28, -94.50, -492.98
685.28, -94.50, -491.98
685.28, -94.50, -490.98
685.28, -94.50, -489.98
685.28, -94.50, -488.98
685.28, -94.50, -487.98
685.28, -94.50, -486.98
685.28, -94.50, -485.98
685.28, -94.50, -484.98
685.28, -94.50, -483.98
685.28, -94.50, -482.98
685.28, -94.50, -481.98
685.28, -93.50, -480.98
685.28, -93.50, -479.98
685.28, -93.50, -478.98
685.28, -92.50, -477.98
685.28, -92.50, -476.98
685.28, -92.50, -475.98
685.28, -92.50, -474.98
685.28, -91.50, -473.98
685.28, -91.50, -472.98
685.28, -91.50, -471.98
685.28, -90.50, -470.98
685.28, -90.50, -469.98
685.28, -89.50, -468.98
685.28, -89.50, -467.98
685.28, -88.50, -466.98
685.28, -88.50, -465.98
685.28, -87.50, -464.98
685.28, -87.50, -463.98
685.28, -86.50, -462.98
685.28, -86.50, -461.98
685.28, -85.50, -460.98
685.28, -85.50, -459.98
685.28, -84.50, -458.98
685.28, -83.50, -457.98
685.28, -82.50, -456.98
685.28, -81.50, -455.98
685.28, -80.50, -454.98
685.28, -79.50, -453.98
685.28, -78.50, -452.98
685.28, -77.50, -451.98
685.28, -76.50, -450.98
685.28, -75.50, -449.98
685.28, -74.50, -448.98
685.28, -73.50, -447.98
685.28, -72.50, -446.98
685.28, -71.50, -445.98
685.28, -70.50, -444.98
685.28, -69.50, -443.98
685.28, -68.50, -442.98
685.28, -67.50, -442.98
685.28, -66.50, -441.98
685.28, -65.50, -441.98
685.28, -64.50, -440.98
685.28, -63.50, -440.98
685.28, -62.50, -439.98
685.28, -61.50, -439.98
685.28, -60.50, -438.98
685.28, -59.50, -438.98
685.28, -58.50, -437.98
685.28, -57.50, -436.98
685.28, -56.50, -436.98
685.28, -55.50, -435.98
685.28, -54.50, -435.98
685.28, -53.50, -434.98
685.28, -52.50, -434.98
685.28, -51.50, -433.98
685.28, -50.50, -433.98
685.28, -49.50, -432.98
685.28, -48.50, -432.98
685.28, -47.50, -431.98
685.28, -46.50, -431.98
685.28, -45.50, -431.98
685.28, -44.50, -431.98
685.28, -43.50, -431.98
685.28, -42.50, -431.98
685.28, -41.50, -431.98
685.28, -40.50, -431.98
685.28, -39.50, -431.98
685.28, -38.50, -431.98
685.28, -37.50, -430.98
685.28, -36.50, -430.98
685.28, -35.50, -430.98
685.28, -34.50, -430.98
685.28, -33.50, -430.98
685.28, -32.50, -430.98
685.28, -31.50, -430.98
685.28, -30.50, -430.98
685.28, -29.50, -430.98
685.28, -28.50, -430.98
685.28, -27.50, -430.98
685.28, -26.50, -430.98
685.28, -25.50, -430.98
685.28, -24.50, -430.98
685.28, -23.50, -430.98
685.28, -22.50, -430.98
685.28, -21.50, -430.98
685.28, -20.50, -430.98
685.28, -19.50, -430.98
685.28, -18.50, -430.98
685.28, -17.50, -430.98
685.28, -16.50, -430.98
685.28, -15.50, -430.98
685.28, -14.50, -430.98
685.28, -13.50, -430.98
685.28, -12.50, -430.98
685.28, -11.50, -430.98
685.28, -10.50, -430.98
685.28, -9.50, -430.98
685.28, -8.50, -430.98
685.28, -7.50, -430.98
685.28, -6.50, -430.98
685.28, -5.50, -430.98
685.28, -4.50, -430.98
685.28, -3.50, -430.98
685.28, -2.50, -430.98
685.28, -1.50, -430.98
685.28, -0.50, -430.98
685.28, 0.50, -430.98
685.28, 1.50, -430.98
685.28, 2.50, -430.98
685.28, 3.50, -430.98
685.28, 4.50, -430.98
685.28, 5.50, -430.98
685.28, 6.50, -430.98
685.28, 7.50, -430.98
685.28, 8.50, -430.98
685.28, 9.50, -430.98
685.28, 10.50, -430.98
685.28, 11.50, -430.98
685.28, 12.50, -430.98
685.28, 13.50, -430.98
685.28, 14.50, -430.98
685.28, 15.50, -430.98
685.28, 16.50, -430.98
685.28, 17.50, -430.98
685.28, 18.50, -431.98
685.28, 19.50, -431.98
685.28, 20.50, -431.98
685.28, 21.50, -431.98
685.28, 22.50, -431.98
685.28, 23.50, -432.98
685.28, 24.50, -432.98
685.28, 25.50, -432.98
685.28, 26.50, -432.98
685.28, 27.50, -433.98
685.28, 28.50, -433.98
685.28, 29.50, -433.98
685.28, 30.50, -433.98
685.28, 31.50, -434.98
685.28, 32.50, -434.98
685.28, 33.50, -435.98
685.28, 34.50, -435.98
685.28, 35.50, -436.98
685.28, 36.50, -436.98
685.28, 37.50, -437.98
685.28, 38.50, -437.98
685.28, 39.50, -437.98
685.28, 40.50, -438.98
685.28, 41.50, -438.98
685.28, 42.50, -439.98
685.28, 43.50, -439.98
685.28, 44.50, -440.98
685.28, 45.50, -440.98
685.28, 46.50, -441.98
685.28, 47.50, -441.98
685.28, 48.50, -442.98
685.28, 49.50, -442.98
685.28, 50.50, -443.98
685.28, 51.50, -443.98
685.28, 52.50, -444.98
685.28, 53.50, -444.98
685.28, 54.50, -445.98
685.28, 55.50, -445.98
685.28, 56.50, -446.98
685.28, 57.50, -447.98
685.28, 58.50, -447.98
685.28, 59.50, -448.98
685.28, 60.50, -448.98
685.28, 61.50, -449.98
685.28, 62.50, -449.98
685.28, 63.50, -450.98
685.28, 64.50, -450.98
685.28, 65.50, -451.98
685.28, 66.50, -452.98
685.28, 67.50, -452.98
685.28, 68.50, -453.98
685.28, 69.50, -454.98
685.28, 69.50, -455.98
685.28, 69.50, -456.98
685.28, 69.50, -457.98
685.28, 69.50, -458.98
685.28, 69.50, -459.98
685.28, 69.50, -460.98
685.28, 69.50, -461.98
685.28, 69.50, -462.98
685.28, 69.50, -463.98
685.28, 69.50, -464.98
685.28, 69.50, -465.98
685.28, 69.50, -466.98
685.28, 69.50, -467.98
685.28, 69.50, -468.98
685.28, 68.50, -469.98
685.28, 68.50, -470.98
685.28, 67.50, -471.98
685.28, 67.50, -472.98
685.28, 66.50, -473.98
685.28, 66.50, -474.98
685.28, 65.50, -475.98
685.28, 65.50, -476.98
685.28, 65.50, -477.98
685.28, 64.50, -478.98
685.28, 64.50, -479.98
685.28, 64.50, -480.98
685.28, 63.50, -481.98
685.28, 63.50, -482.98
685.28, 62.50, -483.98
685.28, 62.50, -484.98
685.28, 61.50, -485.98
685.28, 61.50, -486.98
685.28, 60.50, -487.98
685.28, 59.50, -488.98
685.28, 59.50, -489.98
685.28, 58.50, -490.98
685.28, 58.50, -491.98
685.28, 57.50, -492.98
685.28, 57.50, -493.98
685.28, 56.50, -494.98
685.28, 55.50, -495.98
685.28, 55.50, -496.98
685.28, 54.50, -497.98
685.28, 54.50, -498.98
685.28, 53.50, -499.98
685.28, 52.50, -500.98
685.28, 51.50, -501.98
685.28, 51.50, -502.98
685.28, 50.50, -503.98
685.28, 49.50, -504.98
685.28, 48.50, -505.98
685.28, 47.50, -506.98
685.28, 46.50, -507.98
685.28, 46.50, -508.98
685.28, 45.50, -509.98
685.28, 44.50, -510.98
685.28, 43.50, -511.98
685.28, 43.50, -512.98
685.28, 42.50, -513.98
685.28, 41.50, -514.98
685.28, 40.50, -515.98
685.28, 40.50, -516.98
685.28, 39.50, -517.98
685.28, 38.50, -518.98
685.28, 37.50, -518.98
685.28, 36.50, -519.98
685.28, 35.50, -519.98
685.28, 34.50, -519.98
685.28, 33.50, -519.98
685.28, 32.50, -519.98
685.28, 31.50, -519.98
685.28, 30.50, -519.98
685.28, 29.50, -519.98
685.28, 28.50, -519.98
685.28, 27.50, -519.98
